6
30
1 true 0 2 true 3 false 4 false 5 false 6 false 0 0 0 7 false 0 0 8 false 0 9 false 10 true 0 0 0 0
1 true 2 false 3 false 0 4 false 5 true 0 0 6 false 7 true 0 0 8 false 0 0 0 0
1 true 2 true 0 0 3 true 4 false 0 0 5 false 6 false 0 0 7 false 8 false 9 true 0 0 0 10 false 11 false 0 0 0
1 true 2 true 3 true 0 0 4 false 5 false 6 false 0 0 7 false 0 0 8 false 0 0 9 true 0 0
1 true 0 2 true 3 true 0 0 4 true 0 0
1 true 2 true 3 true 0 0 4 true 0 0 0
-5 6 1 2 3 4 5 6
-3
-3
-3
-3
-1 2 7 8
-5 2 7 8
-3
-1 2 9 10
-5 2 9 10
-3
-1 2 11 12
-2 2 13 14
-5 4 11 12 13 14
-4
-3
-1 2 15 16
-2 1 17
-5 3 15 16 17
-3
-3
-2 4 18 19 20 21
-5 4 18 19 20 21
-2 17 1 2 3 4 5 6 7 8 9 10 11 12 13 14 15 16 17
-2 17 1 2 3 4 5 6 7 8 9 10 11 12 13 14 15 16 17
-2 15 1 2 3 4 5 6 7 8 9 10 11 12 13 15 16
-2 13 1 2 3 4 7 8 9 10 11 12 13 15 16
-2 13 1 2 3 4 7 8 9 10 11 12 13 15 16
-2 11 1 2 3 7 8 9 10 11 12 15 16
-2 8 7 8 9 10 11 12 15 16
-2 6 9 10 11 12 15 16
-2 2 15 16
-3
-3
-1 2 22 23
-5 2 22 23
-3
-3
-1 2 24 25
-5 2 24 25
-4
-3
-3
-2 3 26 27 28
-5 10 18 19 20 21 22 23 24 25 26 28
-2 10 18 19 20 21 22 23 24 25 26 28
-2 10 18 19 20 21 22 23 24 25 26 28
-2 10 18 19 20 21 22 23 24 25 26 28
-2 10 18 19 20 21 22 23 24 25 26 28
-2 10 18 19 20 21 22 23 24 25 26 28
-2 10 18 19 20 21 22 23 24 25 26 28
-2 8 18 19 22 23 24 25 26 28
-2 6 22 23 24 25 26 28
-2 3 24 25 26
-5 1 27
-4
-6
