
RONDA DE EMPAREJAMIENTOS
Nuevos organismos : 0

ORGANISMOS
1 : 0 3 1 0 2 1 0 4 1 0 1 1 0 
2 : 0 1 1 0 3 1 0 2 1 0 4 1 0 
3 : 0 3 1 0 2 1 0 6 -1 0 5 -1 0 7 -1 0 4 -1 0 8 -1 0 1 1 0 9 1 0 
4 : 0 2 1 0 1 1 0 6 -1 0 5 -1 0 7 -1 0 4 -1 0 8 -1 0 3 1 0 9 1 0 
5 : 0 5 -1 0 4 -1 0 6 1 0 3 -1 0 7 -1 0 2 1 0 9 1 0 8 -1 0 10 -1 0 1 1 0 11 1 0 
6 : 0 2 1 0 1 1 0 5 -1 0 4 -1 0 6 1 0 3 1 0 8 -1 0 7 -1 0 10 1 0 9 -1 0 11 -1 0 

RANKING
1 :
2 :
3 :
4 :
5 :
6 :

RONDA DE EMPAREJAMIENTOS
Nuevos organismos : 2

ORGANISMOS
7 : 0 3 1 0 2 1 0 4 1 0 1 1 0 5 1 0 
8 : 0 5 1 0 1 1 0 3 1 0 2 1 0 4 1 0 

ORGANISMOS
1 : 0 5 1 0 3 1 0 6 1 0 2 1 0 7 1 0 4 1 0 8 1 0 1 1 0 
2 : 0 1 1 0 5 1 0 3 1 0 6 1 0 2 1 0 7 1 0 4 1 0 8 1 0 
3 : 0 10 1 0 3 1 0 11 1 0 2 1 0 12 -1 0 6 -1 0 13 -1 0 5 -1 0 14 -1 0 7 -1 0 15 -1 0 4 -1 0 16 -1 0 8 -1 0 17 -1 0 1 1 0 18 1 0 9 1 0 19 1 0 
4 : 0 10 1 0 2 1 0 11 1 0 1 1 0 12 -1 0 6 -1 0 13 -1 0 5 -1 0 14 -1 0 7 -1 0 15 -1 0 4 -1 0 16 -1 0 8 -1 0 17 -1 0 3 1 0 18 1 0 9 1 0 19 1 0 
7 : 0 2 1 0 1 1 0 
8 : 0 1 1 0 2 1 0 

RANKING
1 : 3 7
2 : 4 8
3 : 1 7
4 : 2 8
5 :
6 :
7 :
8 :

RONDA DE EMPAREJAMIENTOS
Nuevos organismos : 0

RONDA DE EMPAREJAMIENTOS
Nuevos organismos : 2

ORGANISMOS
9 : 0 5 1 0 9 1 0 3 1 0 6 1 0 2 1 0 7 1 0 4 1 0 8 1 0 1 1 0 10 1 0 
10 : 0 9 1 0 1 1 0 5 1 0 3 1 0 6 1 0 2 1 0 7 1 0 4 1 0 10 1 0 8 1 0 

RANKING
1 : 3 7 5 9
2 : 4 8 6 10
3 : 1 7
4 : 2 8
5 : 1 9
6 : 2 10
7 :
8 :
9 :
10 :

RONDA DE EMPAREJAMIENTOS
Nuevos organismos : 0

RONDA DE EMPAREJAMIENTOS
Nuevos organismos : 2

ORGANISMOS
11 : 0 10 1 0 21 1 0 20 1 0 22 1 0 3 1 0 11 1 0 2 1 0 6 1 0 5 1 0 7 1 0 4 -1 0 16 -1 0 8 -1 0 17 -1 0 1 1 0 18 1 0 9 1 0 19 1 0 
12 : 0 10 1 0 2 1 0 11 1 0 1 1 0 6 -1 0 5 -1 0 7 -1 0 4 -1 0 16 1 0 8 1 0 17 1 0 3 1 0 18 1 0 9 1 0 21 1 0 20 1 0 22 1 0 19 1 0 

RANKING
1 : 3 7 5 9
2 : 4 8 6 10
3 : 1 7 5 11
4 : 2 8 6 12
5 : 1 9 3 11
6 : 2 10 4 12
7 :
8 :
9 :
10 :
11 :
12 :

RONDA DE EMPAREJAMIENTOS
Nuevos organismos : 2

ORGANISMOS
13 : 0 5 1 0 11 1 0 9 1 0 12 1 0 3 1 0 6 1 0 2 1 0 13 1 0 7 1 0 14 1 0 4 1 0 8 1 0 1 1 0 15 1 0 10 1 0 16 1 0 
14 : 0 11 1 0 9 1 0 12 1 0 1 1 0 5 1 0 3 1 0 13 1 0 6 1 0 14 1 0 2 1 0 7 1 0 4 1 0 15 1 0 10 1 0 16 1 0 8 1 0 

RANKING
1 : 3 7 5 9
2 : 4 8 6 10
3 : 1 7 5 11
4 : 2 8 6 12
5 : 1 9 3 11
6 : 2 10 4 12
9 : 11 13
10 : 12 14
11 : 9 13
12 : 10 14
7 :
8 :
13 :
14 :

RONDA DE EMPAREJAMIENTOS
Nuevos organismos : 4

ORGANISMOS
15 : 0 9 1 0 5 1 0 17 1 0 10 1 0 18 1 0 3 1 0 11 1 0 6 1 0 12 1 0 2 1 0 13 1 0 7 1 0 14 1 0 4 1 0 15 1 0 8 1 0 16 1 0 1 1 0 20 1 0 19 1 0 21 1 0 
16 : 0 18 1 0 17 1 0 19 1 0 1 1 0 9 1 0 5 1 0 10 1 0 3 1 0 11 1 0 6 1 0 12 1 0 2 1 0 13 1 0 7 1 0 14 1 0 4 1 0 20 1 0 15 1 0 21 1 0 8 1 0 16 1 0 
17 : 0 20 1 0 10 1 0 41 1 0 40 1 0 42 1 0 21 1 0 44 1 0 43 1 0 45 1 0 3 1 0 22 1 0 11 1 0 23 1 0 2 1 0 12 1 0 6 1 0 13 1 0 5 1 0 14 1 0 7 1 0 15 1 0 4 -1 0 32 -1 0 16 -1 0 33 -1 0 8 -1 0 34 -1 0 17 -1 0 35 -1 0 1 1 0 36 1 0 18 1 0 37 1 0 9 1 0 38 1 0 19 1 0 39 1 0 
18 : 0 20 1 0 10 1 0 21 1 0 2 1 0 22 1 0 11 1 0 23 1 0 1 1 0 12 -1 0 6 -1 0 13 -1 0 5 -1 0 14 -1 0 7 -1 0 15 -1 0 4 -1 0 32 1 0 16 1 0 33 1 0 8 1 0 34 1 0 17 1 0 35 1 0 3 1 0 36 1 0 18 1 0 37 1 0 9 1 0 41 1 0 40 1 0 42 1 0 38 1 0 44 1 0 43 1 0 45 1 0 19 1 0 39 1 0 

RONDA DE EMPAREJAMIENTOS
Nuevos organismos : 3

ORGANISMOS
19 : 0 4 1 0 28 1 0 14 1 0 29 1 0 6 1 0 30 1 0 15 1 0 31 1 0 3 1 0 7 1 0 2 1 0 36 1 0 18 1 0 37 1 0 9 1 0 38 1 0 19 1 0 39 1 0 8 1 0 10 1 0 1 1 0 44 1 0 22 1 0 45 1 0 11 1 0 46 1 0 23 1 0 47 1 0 
20 : 0 24 1 0 12 1 0 25 1 0 2 1 0 26 1 0 13 1 0 27 1 0 1 1 0 5 1 0 4 1 0 32 1 0 16 1 0 33 1 0 6 1 0 34 1 0 17 1 0 35 1 0 3 1 0 8 1 0 7 1 0 40 1 0 20 1 0 41 1 0 10 1 0 42 1 0 21 1 0 43 1 0 9 1 0 
21 : 0 2 1 0 1 1 0 3 1 0 

RANKING
1 : 3 7 5 9 9 15
2 : 4 8 6 10 10 16
3 : 1 7 5 11 11 17
4 : 2 8 6 12 12 18
5 : 1 9 3 11 13 19
6 : 2 10 4 12 14 20
9 : 11 13 1 15
10 : 12 14 2 16
11 : 9 13 3 17
12 : 10 14 4 18
7 : 8 21
8 : 7 21
13 : 5 19
14 : 6 20
15 :
16 :
17 :
18 :
19 :
20 :
21 :

RONDA DE EMPAREJAMIENTOS
Nuevos organismos : 4

ORGANISMOS
22 : 0 17 1 0 9 1 0 18 1 0 5 1 0 34 1 0 33 1 0 35 1 0 19 1 0 37 1 0 36 1 0 38 1 0 10 1 0 40 1 0 39 1 0 41 1 0 20 1 0 43 1 0 42 1 0 44 1 0 3 1 0 21 1 0 11 1 0 22 1 0 6 1 0 23 1 0 12 1 0 24 1 0 2 1 0 45 1 0 25 1 0 46 1 0 13 1 0 47 1 0 26 1 0 48 1 0 7 1 0 49 1 0 27 1 0 50 1 0 14 1 0 51 1 0 28 1 0 52 1 0 4 1 0 29 1 0 15 1 0 30 1 0 8 1 0 31 1 0 16 1 0 32 1 0 1 1 0 56 1 0 55 1 0 57 1 0 54 1 0 59 1 0 58 1 0 60 1 0 53 1 0 63 1 0 62 1 0 64 1 0 61 1 0 66 1 0 65 1 0 67 1 0 
23 : 0 36 1 0 35 1 0 37 1 0 34 1 0 39 1 0 38 1 0 40 1 0 33 1 0 43 1 0 42 1 0 44 1 0 41 1 0 46 1 0 45 1 0 47 1 0 1 1 0 17 1 0 9 1 0 18 1 0 5 1 0 19 1 0 10 1 0 20 1 0 3 1 0 48 1 0 21 1 0 49 1 0 11 1 0 50 1 0 22 1 0 51 1 0 6 1 0 52 1 0 23 1 0 53 1 0 12 1 0 54 1 0 24 1 0 55 1 0 2 1 0 25 1 0 13 1 0 26 1 0 7 1 0 27 1 0 14 1 0 28 1 0 4 1 0 57 1 0 56 1 0 58 1 0 29 1 0 60 1 0 59 1 0 61 1 0 15 1 0 63 1 0 62 1 0 64 1 0 30 1 0 66 1 0 65 1 0 67 1 0 8 1 0 31 1 0 16 1 0 32 1 0 
24 : 0 40 1 0 20 1 0 41 1 0 10 1 0 80 1 0 42 1 0 81 1 0 21 1 0 82 1 0 43 1 0 83 1 0 3 1 0 44 1 0 22 1 0 45 1 0 11 1 0 46 1 0 23 1 0 47 1 0 2 1 0 12 1 0 6 1 0 13 1 0 5 1 0 14 1 0 7 1 0 15 1 0 4 1 0 32 1 0 16 1 0 33 1 0 8 1 0 34 1 0 17 1 0 35 1 0 1 1 0 72 1 0 36 1 0 73 1 0 18 1 0 74 1 0 37 1 0 75 1 0 9 1 0 76 1 0 38 1 0 77 1 0 19 1 0 78 1 0 39 1 0 79 1 0 
25 : 0 40 1 0 20 1 0 41 1 0 10 1 0 42 1 0 21 1 0 43 1 0 2 1 0 44 1 0 22 1 0 45 1 0 11 1 0 46 1 0 23 1 0 47 1 0 1 1 0 12 1 0 6 1 0 13 1 0 5 1 0 14 1 0 7 1 0 15 1 0 4 1 0 32 1 0 16 1 0 33 1 0 8 1 0 34 1 0 17 1 0 35 1 0 3 1 0 72 1 0 36 1 0 73 1 0 18 1 0 74 1 0 37 1 0 75 1 0 9 1 0 80 1 0 76 1 0 81 1 0 38 1 0 82 1 0 77 1 0 83 1 0 19 1 0 78 1 0 39 1 0 79 1 0 

RANKING
1 : 3 7 5 9 9 15 11 22
2 : 4 8 6 10 10 16 12 23
3 : 1 7 5 11 11 17 9 24
4 : 2 8 6 12 12 18 10 25
5 : 1 9 3 11 13 19
6 : 2 10 4 12 14 20
9 : 11 13 1 15 3 24
10 : 12 14 2 16 4 25
11 : 9 13 3 17 1 22
12 : 10 14 4 18 2 23
7 : 8 21
8 : 7 21
13 : 5 19
14 : 6 20
15 :
16 :
17 :
18 :
19 :
20 :
21 :
22 :
23 :
24 :
25 :

RONDA DE EMPAREJAMIENTOS
Nuevos organismos : 2

ORGANISMOS
26 : 0 20 1 0 10 1 0 21 1 0 2 1 0 22 1 0 11 1 0 23 1 0 1 1 0 4 1 0 32 1 0 16 1 0 33 1 0 8 1 0 34 1 0 17 1 0 35 1 0 3 1 0 36 1 0 18 1 0 37 1 0 9 1 0 41 1 0 40 1 0 42 1 0 38 1 0 44 1 0 43 1 0 45 1 0 19 1 0 39 1 0 
27 : 0 40 1 0 20 1 0 41 1 0 10 1 0 80 1 0 42 1 0 81 1 0 21 1 0 82 1 0 43 1 0 83 1 0 3 1 0 44 1 0 22 1 0 45 1 0 11 1 0 46 1 0 23 1 0 47 1 0 2 1 0 12 1 0 6 1 0 13 1 0 5 1 0 14 1 0 7 1 0 15 1 0 4 1 0 32 1 0 16 1 0 33 1 0 8 1 0 34 1 0 17 1 0 35 1 0 1 1 0 84 1 0 72 1 0 85 1 0 36 1 0 86 1 0 73 1 0 87 1 0 18 1 0 88 1 0 74 1 0 89 1 0 37 1 0 90 1 0 75 1 0 91 1 0 9 1 0 92 1 0 76 1 0 93 1 0 38 1 0 94 1 0 77 1 0 95 1 0 19 1 0 97 1 0 96 1 0 98 1 0 78 1 0 100 1 0 99 1 0 101 1 0 39 1 0 102 1 0 79 1 0 103 1 0 

RANKING
1 : 3 7 5 9 9 15 11 22
2 : 4 8 6 10 10 16 12 23
3 : 1 7 5 11 11 17 9 24
4 : 2 8 6 12 12 18 10 25
5 : 1 9 3 11 13 19
6 : 2 10 4 12 14 20
9 : 11 13 1 15 3 24
10 : 12 14 2 16 4 25
11 : 9 13 3 17 1 22
12 : 10 14 4 18 2 23
7 : 8 21
8 : 7 21
13 : 5 19
14 : 6 20
18 : 20 26
20 : 18 26
24 : 25 27
25 : 24 27
15 :
16 :
17 :
19 :
21 :
22 :
23 :
26 :
27 :

RONDA DE EMPAREJAMIENTOS
Nuevos organismos : 8

ORGANISMOS
28 : 0 17 1 0 9 1 0 18 1 0 5 1 0 33 1 0 19 1 0 34 1 0 10 1 0 35 1 0 20 1 0 36 1 0 3 1 0 21 1 0 11 1 0 22 1 0 6 1 0 23 1 0 12 1 0 24 1 0 2 1 0 25 1 0 13 1 0 26 1 0 7 1 0 27 1 0 14 1 0 28 1 0 4 1 0 29 1 0 15 1 0 30 1 0 8 1 0 31 1 0 16 1 0 32 1 0 1 1 0 39 1 0 38 1 0 40 1 0 37 1 0 42 1 0 41 1 0 43 1 0 
29 : 0 35 1 0 34 1 0 36 1 0 33 1 0 38 1 0 37 1 0 39 1 0 1 1 0 17 1 0 9 1 0 18 1 0 5 1 0 19 1 0 10 1 0 20 1 0 3 1 0 21 1 0 11 1 0 22 1 0 6 1 0 23 1 0 12 1 0 24 1 0 2 1 0 25 1 0 13 1 0 26 1 0 7 1 0 27 1 0 14 1 0 28 1 0 4 1 0 40 1 0 29 1 0 41 1 0 15 1 0 42 1 0 30 1 0 43 1 0 8 1 0 31 1 0 16 1 0 32 1 0 
30 : 0 4 1 0 56 1 0 28 1 0 57 1 0 14 1 0 58 1 0 29 1 0 59 1 0 6 1 0 60 1 0 30 1 0 61 1 0 15 1 0 62 1 0 31 1 0 63 1 0 3 1 0 32 1 0 16 1 0 33 1 0 7 1 0 34 1 0 17 1 0 35 1 0 2 1 0 72 1 0 36 1 0 73 1 0 18 1 0 74 1 0 37 1 0 75 1 0 9 1 0 76 1 0 38 1 0 77 1 0 19 1 0 78 1 0 39 1 0 79 1 0 8 1 0 40 1 0 20 1 0 41 1 0 10 1 0 42 1 0 21 1 0 43 1 0 1 1 0 88 1 0 44 1 0 89 1 0 22 1 0 90 1 0 45 1 0 91 1 0 11 1 0 92 1 0 46 1 0 93 1 0 23 1 0 94 1 0 47 1 0 95 1 0 
31 : 0 48 1 0 24 1 0 49 1 0 12 1 0 50 1 0 25 1 0 51 1 0 2 1 0 52 1 0 26 1 0 53 1 0 13 1 0 54 1 0 27 1 0 55 1 0 1 1 0 28 1 0 14 1 0 29 1 0 5 1 0 30 1 0 15 1 0 31 1 0 4 1 0 64 1 0 32 1 0 65 1 0 16 1 0 66 1 0 33 1 0 67 1 0 6 1 0 68 1 0 34 1 0 69 1 0 17 1 0 70 1 0 35 1 0 71 1 0 3 1 0 36 1 0 18 1 0 37 1 0 8 1 0 38 1 0 19 1 0 39 1 0 7 1 0 80 1 0 40 1 0 81 1 0 20 1 0 82 1 0 41 1 0 83 1 0 10 1 0 84 1 0 42 1 0 85 1 0 21 1 0 86 1 0 43 1 0 87 1 0 9 1 0 
32 : 0 4 1 0 14 1 0 6 1 0 15 1 0 3 1 0 2 1 0 18 1 0 9 1 0 19 1 0 8 1 0 1 1 0 22 1 0 25 1 0 24 1 0 26 1 0 11 1 0 23 1 0 29 1 0 28 1 0 30 1 0 27 1 0 
33 : 0 17 1 0 9 1 0 18 1 0 5 1 0 34 1 0 33 1 0 35 1 0 19 1 0 37 1 0 36 1 0 38 1 0 10 1 0 40 1 0 39 1 0 41 1 0 20 1 0 43 1 0 42 1 0 44 1 0 3 1 0 21 1 0 11 1 0 22 1 0 6 1 0 23 1 0 12 1 0 24 1 0 2 1 0 45 1 0 25 1 0 46 1 0 13 1 0 47 1 0 26 1 0 48 1 0 7 1 0 49 1 0 27 1 0 50 1 0 14 1 0 51 1 0 28 1 0 52 1 0 4 1 0 29 1 0 15 1 0 30 1 0 8 1 0 31 1 0 16 1 0 32 1 0 1 1 0 56 1 0 55 1 0 57 1 0 54 1 0 59 1 0 58 1 0 60 1 0 53 1 0 63 1 0 62 1 0 64 1 0 61 1 0 66 1 0 65 1 0 67 1 0 
34 : 0 36 1 0 35 1 0 37 1 0 34 1 0 39 1 0 38 1 0 40 1 0 33 1 0 43 1 0 42 1 0 44 1 0 41 1 0 46 1 0 45 1 0 47 1 0 1 1 0 17 1 0 9 1 0 18 1 0 5 1 0 19 1 0 10 1 0 20 1 0 3 1 0 48 1 0 21 1 0 49 1 0 11 1 0 50 1 0 22 1 0 51 1 0 6 1 0 52 1 0 23 1 0 53 1 0 12 1 0 54 1 0 24 1 0 55 1 0 2 1 0 25 1 0 13 1 0 26 1 0 7 1 0 27 1 0 14 1 0 28 1 0 4 1 0 57 1 0 56 1 0 58 1 0 29 1 0 60 1 0 59 1 0 61 1 0 15 1 0 63 1 0 62 1 0 64 1 0 30 1 0 66 1 0 65 1 0 67 1 0 8 1 0 31 1 0 16 1 0 32 1 0 
35 : 0 47 1 0 46 1 0 48 1 0 20 1 0 51 1 0 50 1 0 52 1 0 49 1 0 54 1 0 53 1 0 55 1 0 10 1 0 57 1 0 56 1 0 58 1 0 21 1 0 60 1 0 59 1 0 61 1 0 2 1 0 63 1 0 62 1 0 64 1 0 22 1 0 66 1 0 65 1 0 67 1 0 11 1 0 69 1 0 68 1 0 70 1 0 23 1 0 72 1 0 71 1 0 73 1 0 1 1 0 76 1 0 75 1 0 77 1 0 74 1 0 79 1 0 78 1 0 80 1 0 4 1 0 32 1 0 16 1 0 33 1 0 8 1 0 34 1 0 17 1 0 35 1 0 3 1 0 81 1 0 36 1 0 82 1 0 18 1 0 83 1 0 37 1 0 84 1 0 9 1 0 41 1 0 40 1 0 42 1 0 38 1 0 44 1 0 43 1 0 45 1 0 19 1 0 85 1 0 39 1 0 86 1 0 

RANKING
1 : 3 7 5 9 9 15 11 22 13 28
2 : 4 8 6 10 10 16 12 23 14 29
3 : 1 7 5 11 11 17 9 24
4 : 2 8 6 12 12 18 10 25
5 : 1 9 3 11 13 19 9 30
6 : 2 10 4 12 14 20 10 31
9 : 11 13 1 15 3 24 5 30
10 : 12 14 2 16 4 25 6 31
11 : 9 13 3 17 1 22
12 : 10 14 4 18 2 23
13 : 5 19 1 28
14 : 6 20 2 29
20 : 18 26 19 32
24 : 25 27 22 33
25 : 24 27 23 34
7 : 8 21
8 : 7 21
18 : 20 26
19 : 20 32
22 : 24 33
23 : 25 34
26 : 27 35
27 : 26 35
15 :
16 :
17 :
21 :
28 :
29 :
30 :
31 :
32 :
33 :
34 :
35 :

RONDA DE EMPAREJAMIENTOS
Nuevos organismos : 3

ORGANISMOS
36 : 0 77 1 0 10 1 0 41 1 0 23 1 0 42 1 0 21 1 0 43 1 0 24 1 0 44 1 0 20 1 0 45 1 0 25 1 0 46 1 0 22 1 0 47 1 0 26 1 0 48 1 0 3 1 0 49 1 0 27 1 0 50 1 0 11 1 0 51 1 0 28 1 0 52 1 0 2 1 0 53 1 0 29 1 0 54 1 0 6 1 0 55 1 0 30 1 0 56 1 0 5 1 0 57 1 0 31 1 0 58 1 0 7 1 0 59 1 0 32 1 0 60 1 0 4 -1 0 33 -1 0 16 -1 0 34 -1 0 8 -1 0 35 -1 0 17 -1 0 36 -1 0 1 1 0 69 1 0 37 1 0 70 1 0 18 1 0 71 1 0 38 1 0 72 1 0 9 1 0 73 1 0 39 1 0 74 1 0 19 1 0 75 1 0 40 1 0 76 1 0 
37 : 0 40 1 0 20 1 0 41 1 0 10 1 0 80 1 0 42 1 0 81 1 0 21 1 0 82 1 0 43 1 0 83 1 0 3 1 0 44 1 0 22 1 0 45 1 0 11 1 0 46 1 0 23 1 0 47 1 0 2 1 0 12 1 0 6 1 0 13 1 0 5 1 0 14 1 0 7 1 0 15 1 0 4 1 0 32 1 0 16 1 0 33 1 0 8 1 0 34 1 0 17 1 0 35 1 0 1 1 0 84 1 0 72 1 0 85 1 0 36 1 0 86 1 0 73 1 0 87 1 0 18 1 0 88 1 0 74 1 0 89 1 0 37 1 0 90 1 0 75 1 0 91 1 0 9 1 0 92 1 0 76 1 0 93 1 0 38 1 0 94 1 0 77 1 0 95 1 0 19 1 0 97 1 0 96 1 0 98 1 0 78 1 0 100 1 0 99 1 0 101 1 0 39 1 0 102 1 0 79 1 0 103 1 0 
38 : 0 68 1 0 36 1 0 69 1 0 35 1 0 71 1 0 70 1 0 72 1 0 37 1 0 74 1 0 73 1 0 75 1 0 34 1 0 76 1 0 39 1 0 77 1 0 38 1 0 78 1 0 40 1 0 79 1 0 33 1 0 80 1 0 43 1 0 81 1 0 42 1 0 82 1 0 44 1 0 83 1 0 41 1 0 84 1 0 46 1 0 85 1 0 45 1 0 86 1 0 47 1 0 87 1 0 1 1 0 17 1 0 9 1 0 18 1 0 5 1 0 19 1 0 10 1 0 20 1 0 3 1 0 48 1 0 21 1 0 49 1 0 11 1 0 50 1 0 22 1 0 51 1 0 6 1 0 52 1 0 23 1 0 53 1 0 12 1 0 54 1 0 24 1 0 55 1 0 2 1 0 25 1 0 13 1 0 26 1 0 7 1 0 27 1 0 14 1 0 28 1 0 4 1 0 57 1 0 56 1 0 58 1 0 29 1 0 60 1 0 59 1 0 61 1 0 15 1 0 63 1 0 62 1 0 64 1 0 30 1 0 66 1 0 65 1 0 67 1 0 8 1 0 31 1 0 16 1 0 32 1 0 

RANKING
1 : 3 7 5 9 9 15 11 22 13 28
2 : 4 8 6 10 10 16 12 23 14 29
3 : 1 7 5 11 11 17 9 24
4 : 2 8 6 12 12 18 10 25
5 : 1 9 3 11 13 19 9 30
6 : 2 10 4 12 14 20 10 31
9 : 11 13 1 15 3 24 5 30
10 : 12 14 2 16 4 25 6 31
11 : 9 13 3 17 1 22 17 36
12 : 10 14 4 18 2 23
13 : 5 19 1 28
14 : 6 20 2 29
20 : 18 26 19 32
24 : 25 27 22 33
25 : 24 27 23 34
27 : 26 35 29 37
7 : 8 21
8 : 7 21
17 : 11 36
18 : 20 26
19 : 20 32
22 : 24 33
23 : 25 34
26 : 27 35
29 : 27 37
34 : 35 38
35 : 34 38
15 :
16 :
21 :
28 :
30 :
31 :
32 :
33 :
36 :
37 :
38 :

RONDA DE EMPAREJAMIENTOS
Nuevos organismos : 10

ORGANISMOS
39 : 0 17 1 0 9 1 0 18 1 0 5 1 0 19 1 0 10 1 0 20 1 0 3 1 0 21 1 0 11 1 0 22 1 0 6 1 0 23 1 0 12 1 0 24 1 0 2 1 0 25 1 0 13 1 0 26 1 0 7 1 0 27 1 0 14 1 0 28 1 0 4 1 0 29 1 0 15 1 0 30 1 0 8 1 0 31 1 0 16 1 0 32 1 0 1 1 0 34 1 0 33 1 0 35 1 0 
40 : 0 34 1 0 33 1 0 35 1 0 1 1 0 17 1 0 9 1 0 18 1 0 5 1 0 19 1 0 10 1 0 20 1 0 3 1 0 21 1 0 11 1 0 22 1 0 6 1 0 23 1 0 12 1 0 24 1 0 2 1 0 25 1 0 13 1 0 26 1 0 7 1 0 27 1 0 14 1 0 28 1 0 4 1 0 29 1 0 15 1 0 30 1 0 8 1 0 31 1 0 16 1 0 32 1 0 
41 : 0 40 1 0 20 1 0 41 1 0 10 1 0 80 1 0 42 1 0 81 1 0 21 1 0 82 1 0 43 1 0 83 1 0 3 1 0 44 1 0 22 1 0 45 1 0 11 1 0 46 1 0 23 1 0 47 1 0 2 1 0 12 1 0 6 1 0 13 1 0 5 1 0 14 1 0 7 1 0 15 1 0 4 1 0 16 1 0 8 1 0 17 1 0 1 1 0 72 1 0 36 1 0 73 1 0 18 1 0 74 1 0 37 1 0 75 1 0 9 1 0 76 1 0 38 1 0 77 1 0 19 1 0 78 1 0 39 1 0 79 1 0 
42 : 0 40 1 0 20 1 0 41 1 0 10 1 0 42 1 0 21 1 0 43 1 0 2 1 0 44 1 0 22 1 0 45 1 0 11 1 0 46 1 0 23 1 0 47 1 0 1 1 0 6 1 0 5 1 0 7 1 0 4 1 0 32 1 0 16 1 0 33 1 0 8 1 0 34 1 0 17 1 0 35 1 0 3 1 0 72 1 0 36 1 0 73 1 0 18 1 0 74 1 0 37 1 0 75 1 0 9 1 0 80 1 0 76 1 0 81 1 0 38 1 0 82 1 0 77 1 0 83 1 0 19 1 0 78 1 0 39 1 0 79 1 0 
43 : 0 4 1 0 56 1 0 28 1 0 57 1 0 14 1 0 58 1 0 29 1 0 59 1 0 6 1 0 60 1 0 30 1 0 61 1 0 15 1 0 62 1 0 31 1 0 63 1 0 3 1 0 32 1 0 16 1 0 33 1 0 7 1 0 34 1 0 17 1 0 35 1 0 2 1 0 72 1 0 36 1 0 73 1 0 18 1 0 74 1 0 37 1 0 75 1 0 9 1 0 76 1 0 38 1 0 77 1 0 19 1 0 78 1 0 39 1 0 79 1 0 8 -1 0 80 -1 0 40 -1 0 81 -1 0 20 -1 0 82 -1 0 41 -1 0 83 -1 0 10 -1 0 84 -1 0 42 -1 0 85 -1 0 21 -1 0 86 -1 0 43 -1 0 87 -1 0 1 1 0 88 1 0 44 1 0 89 1 0 22 1 0 90 1 0 45 1 0 91 1 0 11 1 0 92 1 0 46 1 0 93 1 0 23 1 0 94 1 0 47 1 0 95 1 0 
44 : 0 48 1 0 24 1 0 49 1 0 12 1 0 50 1 0 25 1 0 51 1 0 2 1 0 52 1 0 26 1 0 53 1 0 13 1 0 54 1 0 27 1 0 55 1 0 1 1 0 56 -1 0 28 -1 0 57 -1 0 14 -1 0 58 -1 0 29 -1 0 59 -1 0 5 -1 0 60 -1 0 30 -1 0 61 -1 0 15 -1 0 62 -1 0 31 -1 0 63 -1 0 4 -1 0 64 1 0 32 1 0 65 1 0 16 1 0 66 1 0 33 1 0 67 1 0 6 1 0 68 1 0 34 1 0 69 1 0 17 1 0 70 1 0 35 1 0 71 1 0 3 1 0 36 1 0 18 1 0 37 1 0 8 1 0 38 1 0 19 1 0 39 1 0 7 1 0 80 1 0 40 1 0 81 1 0 20 1 0 82 1 0 41 1 0 83 1 0 10 1 0 84 1 0 42 1 0 85 1 0 21 1 0 86 1 0 43 1 0 87 1 0 9 1 0 
45 : 0 46 1 0 20 1 0 47 1 0 10 1 0 48 1 0 21 1 0 49 1 0 2 1 0 50 1 0 22 1 0 51 1 0 11 1 0 52 1 0 23 1 0 53 1 0 1 1 0 12 1 0 6 1 0 13 1 0 5 1 0 14 1 0 7 1 0 15 1 0 4 1 0 54 1 0 32 1 0 55 1 0 16 1 0 56 1 0 33 1 0 57 1 0 8 1 0 58 1 0 34 1 0 59 1 0 17 1 0 60 1 0 35 1 0 61 1 0 3 1 0 62 1 0 36 1 0 63 1 0 18 1 0 64 1 0 37 1 0 65 1 0 9 1 0 66 1 0 41 1 0 67 1 0 40 1 0 68 1 0 42 1 0 69 1 0 38 1 0 70 1 0 44 1 0 71 1 0 43 1 0 72 1 0 45 1 0 73 1 0 19 1 0 74 1 0 39 1 0 75 1 0 
46 : 0 20 1 0 10 1 0 21 1 0 2 1 0 22 1 0 11 1 0 23 1 0 1 1 0 48 1 0 47 1 0 49 1 0 46 1 0 51 1 0 50 1 0 52 1 0 4 1 0 32 1 0 16 1 0 33 1 0 8 1 0 34 1 0 17 1 0 35 1 0 3 1 0 53 1 0 36 1 0 54 1 0 18 1 0 55 1 0 37 1 0 56 1 0 9 1 0 41 1 0 40 1 0 42 1 0 38 1 0 44 1 0 43 1 0 45 1 0 19 1 0 57 1 0 39 1 0 58 1 0 
47 : 0 40 1 0 20 1 0 41 1 0 10 1 0 80 1 0 42 1 0 81 1 0 21 1 0 82 1 0 43 1 0 83 1 0 3 1 0 44 1 0 22 1 0 45 1 0 11 1 0 46 1 0 23 1 0 47 1 0 2 1 0 12 1 0 6 1 0 13 1 0 5 1 0 14 1 0 7 1 0 15 1 0 4 1 0 32 1 0 16 1 0 33 1 0 8 1 0 34 1 0 17 1 0 35 1 0 1 1 0 84 1 0 72 1 0 85 1 0 36 1 0 86 1 0 73 1 0 87 1 0 18 1 0 88 1 0 74 1 0 89 1 0 37 1 0 90 1 0 75 1 0 91 1 0 9 1 0 92 1 0 76 1 0 93 1 0 38 1 0 94 1 0 77 1 0 95 1 0 19 1 0 97 1 0 96 1 0 98 1 0 78 1 0 100 1 0 99 1 0 101 1 0 39 1 0 102 1 0 79 1 0 103 1 0 
48 : 0 47 1 0 46 1 0 48 1 0 20 1 0 51 1 0 50 1 0 52 1 0 49 1 0 54 1 0 53 1 0 55 1 0 10 1 0 57 1 0 56 1 0 58 1 0 21 1 0 60 1 0 59 1 0 61 1 0 2 1 0 63 1 0 62 1 0 64 1 0 22 1 0 66 1 0 65 1 0 67 1 0 11 1 0 69 1 0 68 1 0 70 1 0 23 1 0 72 1 0 71 1 0 73 1 0 1 1 0 76 1 0 75 1 0 77 1 0 74 1 0 79 1 0 78 1 0 80 1 0 4 1 0 32 1 0 16 1 0 33 1 0 8 1 0 34 1 0 17 1 0 35 1 0 3 1 0 81 1 0 36 1 0 82 1 0 18 1 0 83 1 0 37 1 0 84 1 0 9 1 0 41 1 0 40 1 0 42 1 0 38 1 0 44 1 0 43 1 0 45 1 0 19 1 0 85 1 0 39 1 0 86 1 0 

RANKING
1 : 3 7 5 9 9 15 11 22 13 28 15 39
2 : 4 8 6 10 10 16 12 23 14 29 16 40
3 : 1 7 5 11 11 17 9 24 13 41
4 : 2 8 6 12 12 18 10 25 14 42
5 : 1 9 3 11 13 19 9 30 11 43
6 : 2 10 4 12 14 20 10 31 12 44
11 : 9 13 3 17 1 22 17 36 5 43
9 : 11 13 1 15 3 24 5 30
10 : 12 14 2 16 4 25 6 31
12 : 10 14 4 18 2 23 6 44
13 : 5 19 1 28 3 41
14 : 6 20 2 29 4 42
27 : 26 35 29 37 28 47
18 : 20 26 23 45
20 : 18 26 19 32
23 : 25 34 18 45
24 : 25 27 22 33
25 : 24 27 23 34
26 : 27 35 29 46
29 : 27 37 26 46
35 : 34 38 37 48
7 : 8 21
8 : 7 21
15 : 1 39
16 : 2 40
17 : 11 36
19 : 20 32
22 : 24 33
28 : 27 47
34 : 35 38
37 : 35 48
21 :
30 :
31 :
32 :
33 :
36 :
38 :
39 :
40 :
41 :
42 :
43 :
44 :
45 :
46 :
47 :
48 :

RONDA DE EMPAREJAMIENTOS
Nuevos organismos : 9

ORGANISMOS
49 : 0 41 1 0 5 1 0 21 1 0 11 1 0 22 1 0 9 1 0 23 1 0 12 1 0 24 1 0 3 1 0 25 1 0 13 1 0 26 1 0 6 1 0 27 1 0 14 1 0 28 1 0 2 1 0 29 1 0 15 1 0 30 1 0 7 1 0 31 1 0 16 1 0 32 1 0 4 1 0 33 1 0 17 1 0 34 1 0 8 1 0 35 1 0 18 1 0 36 1 0 1 1 0 37 1 0 19 1 0 38 1 0 10 1 0 39 1 0 20 1 0 40 1 0 
50 : 0 47 1 0 46 1 0 48 1 0 20 1 0 51 1 0 50 1 0 52 1 0 49 1 0 54 1 0 53 1 0 55 1 0 10 1 0 57 1 0 56 1 0 58 1 0 21 1 0 60 1 0 59 1 0 61 1 0 2 1 0 63 1 0 62 1 0 64 1 0 22 1 0 66 1 0 65 1 0 67 1 0 11 1 0 69 1 0 68 1 0 70 1 0 23 1 0 72 1 0 71 1 0 73 1 0 1 1 0 6 1 0 5 1 0 7 1 0 4 1 0 32 1 0 16 1 0 33 1 0 8 1 0 34 1 0 17 1 0 35 1 0 3 1 0 36 1 0 18 1 0 37 1 0 9 1 0 41 1 0 40 1 0 42 1 0 38 1 0 44 1 0 43 1 0 45 1 0 19 1 0 39 1 0 
51 : 0 40 1 0 20 1 0 41 1 0 10 1 0 80 1 0 42 1 0 81 1 0 21 1 0 82 1 0 43 1 0 83 1 0 3 1 0 44 1 0 22 1 0 45 1 0 11 1 0 46 1 0 23 1 0 47 1 0 2 1 0 12 1 0 6 1 0 13 1 0 5 1 0 14 1 0 7 1 0 15 1 0 4 1 0 32 1 0 16 1 0 33 1 0 8 1 0 34 1 0 17 1 0 35 1 0 1 1 0 84 1 0 72 1 0 85 1 0 36 1 0 86 1 0 73 1 0 87 1 0 18 1 0 104 1 0 88 1 0 105 1 0 74 1 0 106 1 0 89 1 0 107 1 0 37 1 0 108 1 0 90 1 0 109 1 0 75 1 0 110 1 0 91 1 0 111 1 0 9 1 0 92 1 0 76 1 0 93 1 0 38 1 0 94 1 0 77 1 0 95 1 0 19 1 0 112 1 0 97 1 0 113 1 0 96 1 0 114 1 0 98 1 0 115 1 0 78 1 0 116 1 0 100 1 0 117 1 0 99 1 0 118 1 0 101 1 0 119 1 0 39 1 0 102 1 0 79 1 0 103 1 0 
52 : 0 17 1 0 9 1 0 18 1 0 5 1 0 34 1 0 33 1 0 35 1 0 19 1 0 37 1 0 36 1 0 38 1 0 10 1 0 40 1 0 39 1 0 41 1 0 20 1 0 43 1 0 42 1 0 44 1 0 3 1 0 21 1 0 11 1 0 22 1 0 6 1 0 23 1 0 12 1 0 24 1 0 2 1 0 45 1 0 25 1 0 46 1 0 13 1 0 47 1 0 26 1 0 48 1 0 7 1 0 49 1 0 27 1 0 50 1 0 14 1 0 51 1 0 28 1 0 52 1 0 4 1 0 29 1 0 15 1 0 30 1 0 8 1 0 31 1 0 16 1 0 32 1 0 1 1 0 68 1 0 56 1 0 69 1 0 55 1 0 70 1 0 57 1 0 71 1 0 54 1 0 72 1 0 59 1 0 73 1 0 58 1 0 74 1 0 60 1 0 75 1 0 53 1 0 76 1 0 63 1 0 77 1 0 62 1 0 78 1 0 64 1 0 79 1 0 61 1 0 81 1 0 80 1 0 82 1 0 66 1 0 84 1 0 83 1 0 85 1 0 65 1 0 86 1 0 67 1 0 87 1 0 
53 : 0 78 1 0 77 1 0 79 1 0 10 1 0 41 1 0 23 1 0 42 1 0 21 1 0 43 1 0 24 1 0 44 1 0 20 1 0 45 1 0 25 1 0 46 1 0 22 1 0 47 1 0 26 1 0 48 1 0 3 1 0 49 1 0 27 1 0 50 1 0 11 1 0 51 1 0 28 1 0 52 1 0 2 1 0 53 1 0 29 1 0 54 1 0 6 1 0 55 1 0 30 1 0 56 1 0 5 1 0 57 1 0 31 1 0 58 1 0 7 1 0 59 1 0 32 1 0 60 1 0 4 1 0 33 1 0 16 1 0 34 1 0 8 1 0 35 1 0 17 1 0 36 1 0 1 1 0 80 1 0 69 1 0 81 1 0 37 1 0 82 1 0 70 1 0 83 1 0 18 1 0 84 1 0 71 1 0 85 1 0 38 1 0 86 1 0 72 1 0 87 1 0 9 1 0 88 1 0 73 1 0 89 1 0 39 1 0 90 1 0 74 1 0 91 1 0 19 1 0 93 1 0 92 1 0 94 1 0 75 1 0 96 1 0 95 1 0 97 1 0 40 1 0 98 1 0 76 1 0 99 1 0 
54 : 0 68 1 0 36 1 0 69 1 0 35 1 0 71 1 0 70 1 0 72 1 0 37 1 0 74 1 0 73 1 0 75 1 0 34 1 0 76 1 0 39 1 0 77 1 0 38 1 0 78 1 0 40 1 0 79 1 0 33 1 0 80 1 0 43 1 0 81 1 0 42 1 0 82 1 0 44 1 0 83 1 0 41 1 0 84 1 0 46 1 0 85 1 0 45 1 0 86 1 0 47 1 0 87 1 0 1 1 0 17 1 0 9 1 0 18 1 0 5 1 0 19 1 0 10 1 0 20 1 0 3 1 0 48 1 0 21 1 0 49 1 0 11 1 0 50 1 0 22 1 0 51 1 0 6 1 0 52 1 0 23 1 0 53 1 0 12 1 0 54 1 0 24 1 0 55 1 0 2 1 0 25 1 0 13 1 0 26 1 0 7 1 0 27 1 0 14 1 0 28 1 0 4 1 0 57 1 0 56 1 0 58 1 0 29 1 0 60 1 0 59 1 0 61 1 0 15 1 0 63 1 0 62 1 0 64 1 0 30 1 0 66 1 0 65 1 0 67 1 0 8 1 0 31 1 0 16 1 0 32 1 0 
55 : 0 40 1 0 20 1 0 86 1 0 85 1 0 87 1 0 84 1 0 89 1 0 88 1 0 90 1 0 41 1 0 93 1 0 92 1 0 94 1 0 91 1 0 96 1 0 95 1 0 97 1 0 10 1 0 98 1 0 42 1 0 99 1 0 21 1 0 100 1 0 43 1 0 101 1 0 2 1 0 103 1 0 102 1 0 104 1 0 44 1 0 106 1 0 105 1 0 107 1 0 22 1 0 109 1 0 108 1 0 110 1 0 45 1 0 112 1 0 111 1 0 113 1 0 11 1 0 46 1 0 23 1 0 47 1 0 1 1 0 6 1 0 5 1 0 7 1 0 4 1 0 32 1 0 16 1 0 33 1 0 8 1 0 34 1 0 17 1 0 35 1 0 3 1 0 72 1 0 36 1 0 73 1 0 18 1 0 74 1 0 37 1 0 75 1 0 9 1 0 80 1 0 76 1 0 81 1 0 38 1 0 82 1 0 77 1 0 83 1 0 19 1 0 78 1 0 39 1 0 79 1 0 
56 : 0 48 1 0 24 1 0 49 1 0 12 1 0 50 1 0 25 1 0 51 1 0 2 1 0 52 1 0 26 1 0 53 1 0 13 1 0 54 1 0 27 1 0 55 1 0 1 1 0 28 1 0 14 1 0 29 1 0 5 1 0 30 1 0 15 1 0 31 1 0 4 1 0 64 1 0 32 1 0 65 1 0 16 1 0 66 1 0 33 1 0 67 1 0 6 1 0 68 1 0 34 1 0 69 1 0 17 1 0 70 1 0 35 1 0 71 1 0 3 1 0 36 1 0 18 1 0 37 1 0 8 1 0 38 1 0 19 1 0 39 1 0 7 1 0 80 1 0 40 1 0 81 1 0 20 1 0 82 1 0 41 1 0 83 1 0 10 1 0 84 1 0 42 1 0 85 1 0 21 1 0 86 1 0 43 1 0 87 1 0 9 1 0 89 1 0 88 1 0 90 1 0 
57 : 0 60 1 0 59 1 0 61 1 0 20 1 0 64 1 0 63 1 0 65 1 0 62 1 0 67 1 0 66 1 0 68 1 0 10 1 0 70 1 0 69 1 0 71 1 0 21 1 0 73 1 0 72 1 0 74 1 0 2 1 0 76 1 0 75 1 0 77 1 0 22 1 0 79 1 0 78 1 0 80 1 0 11 1 0 82 1 0 81 1 0 83 1 0 23 1 0 85 1 0 84 1 0 86 1 0 1 1 0 48 1 0 47 1 0 49 1 0 46 1 0 51 1 0 50 1 0 52 1 0 4 1 0 32 1 0 16 1 0 33 1 0 8 1 0 34 1 0 17 1 0 35 1 0 3 1 0 53 1 0 36 1 0 54 1 0 18 1 0 55 1 0 37 1 0 56 1 0 9 1 0 41 1 0 40 1 0 42 1 0 38 1 0 44 1 0 43 1 0 45 1 0 19 1 0 57 1 0 39 1 0 58 1 0 

RONDA DE EMPAREJAMIENTOS
Nuevos organismos : 18

RANKING
1 : 3 7 5 9 9 15 11 22 13 28 15 39 17 58
2 : 4 8 6 10 10 16 12 23 14 29 16 40 18 59
3 : 1 7 5 11 11 17 9 24 13 41
4 : 2 8 6 12 12 18 10 25 14 42
5 : 1 9 3 11 13 19 9 30 11 43
6 : 2 10 4 12 14 20 10 31 12 44
9 : 11 13 1 15 3 24 5 30 17 49
11 : 9 13 3 17 1 22 17 36 5 43
27 : 26 35 29 37 28 47 31 51 30 63
10 : 12 14 2 16 4 25 6 31
12 : 10 14 4 18 2 23 6 44
18 : 20 26 23 45 24 50 2 59
24 : 25 27 22 33 18 50 23 61
35 : 34 38 37 48 33 52 36 66
13 : 5 19 1 28 3 41
14 : 6 20 2 29 4 42
17 : 11 36 9 49 1 58
23 : 25 34 18 45 24 61
25 : 24 27 23 34 22 60
26 : 27 35 29 46 31 62
37 : 35 48 36 53 34 65
20 : 18 26 19 32
22 : 24 33 25 60
28 : 27 47 32 64
29 : 27 37 26 46
31 : 27 51 26 62
34 : 35 38 37 65
36 : 37 53 35 66
38 : 39 54 40 67
39 : 38 54 41 68
42 : 43 55 44 69
44 : 45 56 42 69
46 : 47 57 48 70
47 : 46 57 49 71
7 : 8 21
8 : 7 21
15 : 1 39
16 : 2 40
19 : 20 32
30 : 27 63
32 : 28 64
33 : 35 52
40 : 38 67
41 : 39 68
43 : 42 55
45 : 44 56
48 : 46 70
49 : 47 71
50 : 51 72
51 : 50 72
52 : 53 73
53 : 52 73
54 : 55 74
55 : 54 74
56 : 57 75
57 : 56 75
21 :
58 :
59 :
60 :
61 :
62 :
63 :
64 :
65 :
66 :
67 :
68 :
69 :
70 :
71 :
72 :
73 :
74 :
75 :

ORGANISMOS
58 : 0 17 1 0 9 1 0 18 1 0 5 1 0 33 1 0 19 1 0 34 1 0 10 1 0 35 1 0 20 1 0 36 1 0 3 1 0 21 1 0 11 1 0 22 1 0 6 1 0 23 1 0 12 1 0 24 1 0 2 1 0 25 1 0 13 1 0 26 1 0 7 1 0 27 1 0 14 1 0 28 1 0 4 1 0 29 1 0 15 1 0 30 1 0 8 1 0 31 1 0 16 1 0 32 1 0 1 1 0 39 1 0 38 1 0 40 1 0 37 1 0 42 1 0 41 1 0 43 1 0 
59 : 0 35 1 0 34 1 0 36 1 0 33 1 0 38 1 0 37 1 0 39 1 0 1 1 0 17 1 0 9 1 0 18 1 0 5 1 0 19 1 0 10 1 0 20 1 0 3 1 0 21 1 0 11 1 0 22 1 0 6 1 0 23 1 0 12 1 0 24 1 0 2 1 0 25 1 0 13 1 0 26 1 0 7 1 0 27 1 0 14 1 0 28 1 0 4 1 0 40 1 0 29 1 0 41 1 0 15 1 0 42 1 0 30 1 0 43 1 0 8 1 0 31 1 0 16 1 0 32 1 0 
60 : 0 17 1 0 9 1 0 18 1 0 5 1 0 34 1 0 33 1 0 35 1 0 19 1 0 37 1 0 36 1 0 38 1 0 10 1 0 40 1 0 39 1 0 41 1 0 20 1 0 43 1 0 42 1 0 44 1 0 3 1 0 21 1 0 11 1 0 22 1 0 6 1 0 23 1 0 12 1 0 24 1 0 2 1 0 45 1 0 25 1 0 46 1 0 13 1 0 47 1 0 26 1 0 48 1 0 7 1 0 49 1 0 27 1 0 50 1 0 14 1 0 51 1 0 28 1 0 52 1 0 4 1 0 29 1 0 15 1 0 30 1 0 8 1 0 31 1 0 16 1 0 32 1 0 1 1 0 68 1 0 56 1 0 69 1 0 55 1 0 70 1 0 57 1 0 71 1 0 54 1 0 72 1 0 59 1 0 73 1 0 58 1 0 74 1 0 60 1 0 75 1 0 53 1 0 76 1 0 63 1 0 77 1 0 62 1 0 78 1 0 64 1 0 79 1 0 61 1 0 81 1 0 80 1 0 82 1 0 66 1 0 84 1 0 83 1 0 85 1 0 65 1 0 86 1 0 67 1 0 87 1 0 
61 : 0 68 1 0 36 1 0 69 1 0 35 1 0 71 1 0 70 1 0 72 1 0 37 1 0 74 1 0 73 1 0 75 1 0 34 1 0 76 1 0 39 1 0 77 1 0 38 1 0 78 1 0 40 1 0 79 1 0 33 1 0 80 1 0 43 1 0 81 1 0 42 1 0 82 1 0 44 1 0 83 1 0 41 1 0 84 1 0 46 1 0 85 1 0 45 1 0 86 1 0 47 1 0 87 1 0 1 1 0 17 1 0 9 1 0 18 1 0 5 1 0 19 1 0 10 1 0 20 1 0 3 1 0 48 1 0 21 1 0 49 1 0 11 1 0 50 1 0 22 1 0 51 1 0 6 1 0 52 1 0 23 1 0 53 1 0 12 1 0 54 1 0 24 1 0 55 1 0 2 1 0 25 1 0 13 1 0 26 1 0 7 1 0 27 1 0 14 1 0 28 1 0 4 1 0 57 1 0 56 1 0 58 1 0 29 1 0 60 1 0 59 1 0 61 1 0 15 1 0 63 1 0 62 1 0 64 1 0 30 1 0 66 1 0 65 1 0 67 1 0 8 1 0 31 1 0 16 1 0 32 1 0 
62 : 0 46 1 0 20 1 0 47 1 0 10 1 0 48 1 0 21 1 0 49 1 0 2 1 0 50 1 0 22 1 0 51 1 0 11 1 0 52 1 0 23 1 0 53 1 0 1 1 0 56 1 0 55 1 0 57 1 0 54 1 0 59 1 0 58 1 0 60 1 0 4 1 0 61 1 0 32 1 0 62 1 0 16 1 0 63 1 0 33 1 0 64 1 0 8 1 0 65 1 0 34 1 0 66 1 0 17 1 0 67 1 0 35 1 0 68 1 0 3 1 0 69 1 0 36 1 0 70 1 0 18 1 0 71 1 0 37 1 0 72 1 0 9 1 0 73 1 0 41 1 0 74 1 0 40 1 0 75 1 0 42 1 0 76 1 0 38 1 0 77 1 0 44 1 0 78 1 0 43 1 0 79 1 0 45 1 0 80 1 0 19 1 0 39 1 0 
63 : 0 40 1 0 20 1 0 41 1 0 10 1 0 104 1 0 80 1 0 105 1 0 42 1 0 106 1 0 81 1 0 107 1 0 21 1 0 108 1 0 82 1 0 109 1 0 43 1 0 110 1 0 83 1 0 111 1 0 3 1 0 44 1 0 22 1 0 45 1 0 11 1 0 46 1 0 23 1 0 47 1 0 2 1 0 112 1 0 12 1 0 113 1 0 6 1 0 114 1 0 13 1 0 115 1 0 5 1 0 116 1 0 14 1 0 117 1 0 7 1 0 118 1 0 15 1 0 119 1 0 4 1 0 32 1 0 16 1 0 33 1 0 8 1 0 34 1 0 17 1 0 35 1 0 1 1 0 84 1 0 72 1 0 85 1 0 36 1 0 86 1 0 73 1 0 87 1 0 18 1 0 88 1 0 74 1 0 89 1 0 37 1 0 90 1 0 75 1 0 91 1 0 9 1 0 92 1 0 76 1 0 93 1 0 38 1 0 94 1 0 77 1 0 95 1 0 19 1 0 97 1 0 96 1 0 98 1 0 78 1 0 100 1 0 99 1 0 101 1 0 39 1 0 102 1 0 79 1 0 103 1 0 
64 : 0 17 1 0 9 1 0 18 1 0 5 1 0 33 1 0 19 1 0 34 1 0 10 1 0 35 1 0 20 1 0 36 1 0 3 1 0 21 1 0 11 1 0 22 1 0 6 1 0 23 1 0 12 1 0 24 1 0 2 1 0 25 1 0 13 1 0 26 1 0 7 1 0 27 1 0 14 1 0 28 1 0 4 1 0 29 1 0 15 1 0 30 1 0 8 1 0 31 1 0 16 1 0 32 1 0 1 1 0 39 1 0 38 1 0 44 1 0 40 1 0 45 1 0 37 1 0 42 1 0 41 1 0 47 1 0 46 1 0 48 1 0 43 1 0 
65 : 0 68 1 0 36 1 0 69 1 0 35 1 0 71 1 0 70 1 0 72 1 0 37 1 0 74 1 0 73 1 0 75 1 0 34 1 0 76 1 0 39 1 0 77 1 0 38 1 0 78 1 0 40 1 0 79 1 0 33 1 0 80 1 0 43 1 0 81 1 0 42 1 0 82 1 0 44 1 0 83 1 0 41 1 0 84 1 0 46 1 0 85 1 0 45 1 0 86 1 0 47 1 0 87 1 0 1 1 0 17 1 0 9 1 0 18 1 0 5 1 0 19 1 0 10 1 0 20 1 0 3 1 0 48 1 0 21 1 0 49 1 0 11 1 0 50 1 0 22 1 0 51 1 0 6 1 0 52 1 0 23 1 0 53 1 0 12 1 0 54 1 0 24 1 0 55 1 0 2 1 0 25 1 0 13 1 0 26 1 0 7 1 0 27 1 0 14 1 0 28 1 0 4 1 0 57 1 0 56 1 0 58 1 0 29 1 0 60 1 0 59 1 0 61 1 0 15 1 0 63 1 0 62 1 0 64 1 0 30 1 0 66 1 0 65 1 0 67 1 0 8 1 0 31 1 0 16 1 0 32 1 0 
66 : 0 47 1 0 46 1 0 48 1 0 20 1 0 87 1 0 51 1 0 88 1 0 50 1 0 89 1 0 52 1 0 90 1 0 49 1 0 91 1 0 54 1 0 92 1 0 53 1 0 93 1 0 55 1 0 94 1 0 10 1 0 57 1 0 56 1 0 58 1 0 21 1 0 60 1 0 59 1 0 61 1 0 2 1 0 95 1 0 63 1 0 96 1 0 62 1 0 97 1 0 64 1 0 98 1 0 22 1 0 99 1 0 66 1 0 100 1 0 65 1 0 101 1 0 67 1 0 102 1 0 11 1 0 69 1 0 68 1 0 70 1 0 23 1 0 72 1 0 71 1 0 73 1 0 1 1 0 76 1 0 75 1 0 77 1 0 74 1 0 79 1 0 78 1 0 80 1 0 4 1 0 32 1 0 16 1 0 33 1 0 8 1 0 34 1 0 17 1 0 35 1 0 3 1 0 81 1 0 36 1 0 82 1 0 18 1 0 83 1 0 37 1 0 84 1 0 9 1 0 41 1 0 40 1 0 42 1 0 38 1 0 44 1 0 43 1 0 45 1 0 19 1 0 85 1 0 39 1 0 86 1 0 
67 : 0 68 1 0 36 1 0 69 1 0 35 1 0 71 1 0 70 1 0 72 1 0 37 1 0 74 1 0 73 1 0 75 1 0 34 1 0 76 1 0 39 1 0 77 1 0 38 1 0 78 1 0 40 1 0 79 1 0 33 1 0 80 1 0 43 1 0 81 1 0 42 1 0 82 1 0 44 1 0 83 1 0 41 1 0 84 1 0 46 1 0 85 1 0 45 1 0 86 1 0 47 1 0 87 1 0 1 1 0 17 1 0 9 1 0 18 1 0 5 1 0 19 1 0 10 1 0 20 1 0 3 1 0 48 1 0 21 1 0 49 1 0 11 1 0 50 1 0 22 1 0 51 1 0 6 1 0 52 1 0 23 1 0 53 1 0 12 1 0 54 1 0 24 1 0 55 1 0 2 1 0 25 1 0 13 1 0 26 1 0 7 1 0 27 1 0 14 1 0 28 1 0 4 1 0 57 1 0 56 1 0 58 1 0 29 1 0 60 1 0 59 1 0 61 1 0 15 1 0 63 1 0 62 1 0 64 1 0 30 1 0 66 1 0 65 1 0 67 1 0 8 1 0 31 1 0 16 1 0 32 1 0 
68 : 0 17 1 0 9 1 0 18 1 0 5 1 0 36 1 0 19 1 0 37 1 0 10 1 0 38 1 0 20 1 0 39 1 0 3 1 0 21 1 0 11 1 0 22 1 0 6 1 0 23 1 0 12 1 0 24 1 0 2 1 0 25 1 0 13 1 0 26 1 0 7 1 0 27 1 0 14 1 0 28 1 0 4 1 0 29 1 0 15 1 0 30 1 0 8 1 0 31 1 0 16 1 0 32 1 0 1 1 0 41 1 0 40 1 0 42 1 0 34 1 0 44 1 0 43 1 0 45 1 0 33 1 0 47 1 0 46 1 0 48 1 0 35 1 0 50 1 0 49 1 0 51 1 0 
69 : 0 40 1 0 20 1 0 41 1 0 10 1 0 42 1 0 21 1 0 43 1 0 2 1 0 44 1 0 22 1 0 45 1 0 11 1 0 46 1 0 23 1 0 47 1 0 1 1 0 6 1 0 5 1 0 7 1 0 4 1 0 84 1 0 32 1 0 85 1 0 16 1 0 86 1 0 33 1 0 87 1 0 8 1 0 88 1 0 34 1 0 89 1 0 17 1 0 90 1 0 35 1 0 91 1 0 3 1 0 72 1 0 36 1 0 73 1 0 18 1 0 74 1 0 37 1 0 75 1 0 9 1 0 92 1 0 80 1 0 93 1 0 76 1 0 94 1 0 81 1 0 95 1 0 38 1 0 96 1 0 82 1 0 97 1 0 77 1 0 98 1 0 83 1 0 99 1 0 19 1 0 78 1 0 39 1 0 79 1 0 
70 : 0 60 1 0 59 1 0 61 1 0 20 1 0 64 1 0 63 1 0 65 1 0 62 1 0 67 1 0 66 1 0 68 1 0 10 1 0 70 1 0 69 1 0 71 1 0 21 1 0 73 1 0 72 1 0 74 1 0 2 1 0 76 1 0 75 1 0 77 1 0 22 1 0 79 1 0 78 1 0 80 1 0 11 1 0 82 1 0 81 1 0 83 1 0 23 1 0 85 1 0 84 1 0 86 1 0 1 1 0 48 1 0 47 1 0 49 1 0 46 1 0 51 1 0 50 1 0 52 1 0 4 1 0 32 1 0 16 1 0 33 1 0 8 1 0 34 1 0 17 1 0 35 1 0 3 1 0 53 1 0 36 1 0 54 1 0 18 1 0 55 1 0 37 1 0 56 1 0 9 1 0 41 1 0 40 1 0 42 1 0 38 1 0 44 1 0 43 1 0 45 1 0 19 1 0 57 1 0 39 1 0 58 1 0 
71 : 0 40 1 0 20 1 0 41 1 0 10 1 0 80 1 0 42 1 0 81 1 0 21 1 0 82 1 0 43 1 0 83 1 0 3 1 0 44 1 0 22 1 0 45 1 0 11 1 0 46 1 0 23 1 0 47 1 0 2 1 0 12 1 0 6 1 0 13 1 0 5 1 0 14 1 0 7 1 0 15 1 0 4 1 0 32 1 0 16 1 0 33 1 0 8 1 0 34 1 0 17 1 0 35 1 0 1 1 0 84 1 0 72 1 0 85 1 0 36 1 0 86 1 0 73 1 0 87 1 0 18 1 0 88 1 0 74 1 0 89 1 0 37 1 0 90 1 0 75 1 0 91 1 0 9 1 0 92 1 0 76 1 0 93 1 0 38 1 0 94 1 0 77 1 0 95 1 0 19 1 0 97 1 0 96 1 0 98 1 0 78 1 0 100 1 0 99 1 0 101 1 0 39 1 0 102 1 0 79 1 0 103 1 0 
72 : 0 47 1 0 46 1 0 48 1 0 20 1 0 51 1 0 50 1 0 52 1 0 49 1 0 54 1 0 53 1 0 55 1 0 10 1 0 57 1 0 56 1 0 58 1 0 21 1 0 60 1 0 59 1 0 61 1 0 2 1 0 63 1 0 62 1 0 64 1 0 22 1 0 66 1 0 65 1 0 67 1 0 11 1 0 69 1 0 68 1 0 70 1 0 23 1 0 72 1 0 71 1 0 73 1 0 1 1 0 74 1 0 6 1 0 75 1 0 5 1 0 76 1 0 7 1 0 77 1 0 4 1 0 78 1 0 32 1 0 79 1 0 16 1 0 80 1 0 33 1 0 81 1 0 8 1 0 82 1 0 34 1 0 83 1 0 17 1 0 84 1 0 35 1 0 85 1 0 3 1 0 86 1 0 36 1 0 87 1 0 18 1 0 88 1 0 37 1 0 89 1 0 9 1 0 90 1 0 41 1 0 91 1 0 40 1 0 92 1 0 42 1 0 93 1 0 38 1 0 94 1 0 44 1 0 95 1 0 43 1 0 96 1 0 45 1 0 97 1 0 19 1 0 98 1 0 39 1 0 99 1 0 
73 : 0 17 1 0 9 1 0 18 1 0 5 1 0 34 1 0 33 1 0 35 1 0 19 1 0 37 1 0 36 1 0 38 1 0 10 1 0 40 1 0 39 1 0 41 1 0 20 1 0 43 1 0 42 1 0 44 1 0 3 1 0 21 1 0 11 1 0 22 1 0 6 1 0 23 1 0 12 1 0 24 1 0 2 1 0 45 1 0 25 1 0 46 1 0 13 1 0 47 1 0 26 1 0 48 1 0 7 1 0 49 1 0 27 1 0 50 1 0 14 1 0 51 1 0 28 1 0 52 1 0 4 1 0 29 1 0 15 1 0 30 1 0 8 1 0 31 1 0 16 1 0 32 1 0 1 1 0 68 1 0 56 1 0 69 1 0 55 1 0 70 1 0 57 1 0 71 1 0 54 1 0 72 1 0 59 1 0 73 1 0 58 1 0 74 1 0 60 1 0 75 1 0 53 1 0 76 1 0 63 1 0 77 1 0 62 1 0 78 1 0 64 1 0 79 1 0 61 1 0 81 1 0 80 1 0 82 1 0 66 1 0 84 1 0 83 1 0 85 1 0 65 1 0 86 1 0 67 1 0 87 1 0 
74 : 0 68 1 0 36 1 0 69 1 0 35 1 0 88 1 0 71 1 0 89 1 0 70 1 0 90 1 0 72 1 0 91 1 0 37 1 0 92 1 0 74 1 0 93 1 0 73 1 0 94 1 0 75 1 0 95 1 0 34 1 0 76 1 0 39 1 0 77 1 0 38 1 0 78 1 0 40 1 0 79 1 0 33 1 0 96 1 0 80 1 0 97 1 0 43 1 0 98 1 0 81 1 0 99 1 0 42 1 0 100 1 0 82 1 0 101 1 0 44 1 0 102 1 0 83 1 0 103 1 0 41 1 0 84 1 0 46 1 0 85 1 0 45 1 0 86 1 0 47 1 0 87 1 0 1 1 0 17 1 0 9 1 0 18 1 0 5 1 0 19 1 0 10 1 0 20 1 0 3 1 0 48 1 0 21 1 0 49 1 0 11 1 0 50 1 0 22 1 0 51 1 0 6 1 0 52 1 0 23 1 0 53 1 0 12 1 0 54 1 0 24 1 0 55 1 0 2 1 0 25 1 0 13 1 0 26 1 0 7 1 0 27 1 0 14 1 0 28 1 0 4 1 0 57 1 0 56 1 0 58 1 0 29 1 0 60 1 0 59 1 0 61 1 0 15 1 0 63 1 0 62 1 0 64 1 0 30 1 0 66 1 0 65 1 0 67 1 0 8 1 0 31 1 0 16 1 0 32 1 0 
75 : 0 91 1 0 48 1 0 92 1 0 24 1 0 94 1 0 93 1 0 95 1 0 49 1 0 97 1 0 96 1 0 98 1 0 12 1 0 99 1 0 50 1 0 100 1 0 25 1 0 101 1 0 51 1 0 102 1 0 2 1 0 103 1 0 52 1 0 104 1 0 26 1 0 105 1 0 53 1 0 106 1 0 13 1 0 107 1 0 54 1 0 108 1 0 27 1 0 109 1 0 55 1 0 110 1 0 1 1 0 28 1 0 14 1 0 29 1 0 5 1 0 30 1 0 15 1 0 31 1 0 4 1 0 64 1 0 32 1 0 65 1 0 16 1 0 66 1 0 33 1 0 67 1 0 6 1 0 68 1 0 34 1 0 69 1 0 17 1 0 70 1 0 35 1 0 71 1 0 3 1 0 36 1 0 18 1 0 37 1 0 8 1 0 38 1 0 19 1 0 39 1 0 7 1 0 80 1 0 40 1 0 81 1 0 20 1 0 82 1 0 41 1 0 83 1 0 10 1 0 84 1 0 42 1 0 85 1 0 21 1 0 86 1 0 43 1 0 87 1 0 9 1 0 89 1 0 88 1 0 90 1 0 

RONDA DE EMPAREJAMIENTOS
Nuevos organismos : 25

FIN

Organismos en total : 100
Organismos vivos : 99

ORGANISMOS
76 : 0 5 1 0 21 1 0 11 1 0 22 1 0 9 1 0 23 1 0 12 1 0 24 1 0 3 1 0 25 1 0 13 1 0 26 1 0 6 1 0 27 1 0 14 1 0 28 1 0 2 1 0 29 1 0 15 1 0 30 1 0 7 1 0 31 1 0 16 1 0 32 1 0 4 1 0 33 1 0 17 1 0 34 1 0 8 1 0 35 1 0 18 1 0 36 1 0 1 1 0 37 1 0 19 1 0 38 1 0 10 1 0 39 1 0 20 1 0 40 1 0 
77 : 0 21 1 0 11 1 0 22 1 0 9 1 0 23 1 0 12 1 0 24 1 0 1 1 0 25 1 0 13 1 0 26 1 0 5 1 0 27 1 0 14 1 0 28 1 0 3 1 0 29 1 0 15 1 0 30 1 0 6 1 0 31 1 0 16 1 0 32 1 0 2 1 0 33 1 0 17 1 0 34 1 0 7 1 0 35 1 0 18 1 0 36 1 0 4 1 0 37 1 0 19 1 0 38 1 0 10 1 0 39 1 0 20 1 0 40 1 0 8 1 0 
78 : 0 40 1 0 20 1 0 41 1 0 10 1 0 80 1 0 42 1 0 81 1 0 21 1 0 82 1 0 43 1 0 83 1 0 3 1 0 44 1 0 22 1 0 45 1 0 11 1 0 46 1 0 23 1 0 47 1 0 2 1 0 12 1 0 6 1 0 13 1 0 5 1 0 14 1 0 7 1 0 15 1 0 4 1 0 32 1 0 16 1 0 33 1 0 8 1 0 34 1 0 17 1 0 35 1 0 1 1 0 72 1 0 36 1 0 73 1 0 18 1 0 84 1 0 74 1 0 85 1 0 37 1 0 86 1 0 75 1 0 87 1 0 9 1 0 76 1 0 38 1 0 77 1 0 19 1 0 89 1 0 88 1 0 90 1 0 78 1 0 92 1 0 91 1 0 93 1 0 39 1 0 79 1 0 
79 : 0 84 1 0 40 1 0 85 1 0 20 1 0 87 1 0 86 1 0 88 1 0 41 1 0 90 1 0 89 1 0 91 1 0 10 1 0 92 1 0 42 1 0 93 1 0 21 1 0 94 1 0 43 1 0 95 1 0 2 1 0 96 1 0 44 1 0 97 1 0 22 1 0 98 1 0 45 1 0 99 1 0 11 1 0 100 1 0 46 1 0 101 1 0 23 1 0 102 1 0 47 1 0 103 1 0 1 1 0 12 1 0 6 1 0 13 1 0 5 1 0 14 1 0 7 1 0 15 1 0 4 1 0 32 1 0 16 1 0 33 1 0 8 1 0 34 1 0 17 1 0 35 1 0 3 1 0 72 1 0 36 1 0 73 1 0 18 1 0 74 1 0 37 1 0 75 1 0 9 1 0 80 1 0 76 1 0 81 1 0 38 1 0 82 1 0 77 1 0 83 1 0 19 1 0 78 1 0 39 1 0 79 1 0 
80 : 0 17 1 0 9 1 0 18 1 0 5 1 0 44 1 0 33 1 0 45 1 0 19 1 0 46 1 0 34 1 0 47 1 0 10 1 0 48 1 0 35 1 0 49 1 0 20 1 0 50 1 0 36 1 0 51 1 0 3 1 0 21 1 0 11 1 0 22 1 0 6 1 0 23 1 0 12 1 0 24 1 0 2 1 0 52 1 0 25 1 0 53 1 0 13 1 0 54 1 0 26 1 0 55 1 0 7 1 0 56 1 0 27 1 0 57 1 0 14 1 0 58 1 0 28 1 0 59 1 0 4 1 0 29 1 0 15 1 0 30 1 0 8 1 0 31 1 0 16 1 0 32 1 0 1 1 0 60 1 0 39 1 0 61 1 0 38 1 0 62 1 0 40 1 0 63 1 0 37 1 0 64 1 0 42 1 0 65 1 0 41 1 0 66 1 0 43 1 0 67 1 0 
81 : 0 44 1 0 35 1 0 45 1 0 34 1 0 46 1 0 36 1 0 47 1 0 33 1 0 48 1 0 38 1 0 49 1 0 37 1 0 50 1 0 39 1 0 51 1 0 1 1 0 17 1 0 9 1 0 18 1 0 5 1 0 19 1 0 10 1 0 20 1 0 3 1 0 52 1 0 21 1 0 53 1 0 11 1 0 54 1 0 22 1 0 55 1 0 6 1 0 56 1 0 23 1 0 57 1 0 12 1 0 58 1 0 24 1 0 59 1 0 2 1 0 25 1 0 13 1 0 26 1 0 7 1 0 27 1 0 14 1 0 28 1 0 4 1 0 60 1 0 40 1 0 61 1 0 29 1 0 62 1 0 41 1 0 63 1 0 15 1 0 64 1 0 42 1 0 65 1 0 30 1 0 66 1 0 43 1 0 67 1 0 8 1 0 31 1 0 16 1 0 32 1 0 
82 : 0 78 1 0 77 1 0 79 1 0 10 1 0 41 1 0 23 1 0 42 1 0 21 1 0 43 1 0 24 1 0 44 1 0 20 1 0 45 1 0 25 1 0 46 1 0 22 1 0 47 1 0 26 1 0 48 1 0 3 1 0 49 1 0 27 1 0 50 1 0 11 1 0 51 1 0 28 1 0 52 1 0 2 1 0 53 1 0 29 1 0 54 1 0 6 1 0 55 1 0 30 1 0 56 1 0 5 1 0 57 1 0 31 1 0 58 1 0 7 1 0 59 1 0 32 1 0 60 1 0 4 1 0 33 1 0 16 1 0 34 1 0 8 1 0 35 1 0 17 1 0 36 1 0 1 1 0 80 1 0 69 1 0 81 1 0 37 1 0 82 1 0 70 1 0 83 1 0 18 1 0 85 1 0 84 1 0 86 1 0 71 1 0 88 1 0 87 1 0 89 1 0 38 1 0 91 1 0 90 1 0 92 1 0 72 1 0 94 1 0 93 1 0 95 1 0 9 1 0 96 1 0 73 1 0 97 1 0 39 1 0 98 1 0 74 1 0 99 1 0 19 1 0 102 1 0 101 1 0 103 1 0 100 1 0 105 1 0 104 1 0 106 1 0 75 1 0 109 1 0 108 1 0 110 1 0 107 1 0 112 1 0 111 1 0 113 1 0 40 1 0 114 1 0 76 1 0 115 1 0 
83 : 0 40 1 0 20 1 0 41 1 0 10 1 0 80 1 0 42 1 0 81 1 0 21 1 0 82 1 0 43 1 0 83 1 0 3 1 0 44 1 0 22 1 0 45 1 0 11 1 0 46 1 0 23 1 0 47 1 0 2 1 0 12 1 0 6 1 0 13 1 0 5 1 0 14 1 0 7 1 0 15 1 0 4 1 0 32 1 0 16 1 0 33 1 0 8 1 0 34 1 0 17 1 0 35 1 0 1 1 0 84 1 0 72 1 0 85 1 0 36 1 0 86 1 0 73 1 0 87 1 0 18 1 0 88 1 0 74 1 0 89 1 0 37 1 0 90 1 0 75 1 0 91 1 0 9 1 0 92 1 0 76 1 0 93 1 0 38 1 0 94 1 0 77 1 0 95 1 0 19 1 0 97 1 0 96 1 0 98 1 0 78 1 0 100 1 0 99 1 0 101 1 0 39 1 0 102 1 0 79 1 0 103 1 0 
84 : 0 37 1 0 36 1 0 38 1 0 34 1 0 40 1 0 39 1 0 41 1 0 33 1 0 43 1 0 42 1 0 44 1 0 35 1 0 46 1 0 45 1 0 47 1 0 1 1 0 17 1 0 9 1 0 18 1 0 5 1 0 19 1 0 10 1 0 20 1 0 3 1 0 21 1 0 11 1 0 22 1 0 6 1 0 23 1 0 12 1 0 24 1 0 2 1 0 25 1 0 13 1 0 26 1 0 7 1 0 27 1 0 14 1 0 28 1 0 4 1 0 48 1 0 29 1 0 49 1 0 15 1 0 50 1 0 30 1 0 51 1 0 8 1 0 31 1 0 16 1 0 32 1 0 
85 : 0 40 1 0 20 1 0 41 1 0 10 1 0 84 1 0 80 1 0 85 1 0 42 1 0 86 1 0 81 1 0 87 1 0 21 1 0 88 1 0 82 1 0 89 1 0 43 1 0 90 1 0 83 1 0 91 1 0 3 1 0 44 1 0 22 1 0 45 1 0 11 1 0 46 1 0 23 1 0 47 1 0 2 1 0 92 1 0 12 1 0 93 1 0 6 1 0 94 1 0 13 1 0 95 1 0 5 1 0 96 1 0 14 1 0 97 1 0 7 1 0 98 1 0 15 1 0 99 1 0 4 1 0 16 1 0 8 1 0 17 1 0 1 1 0 72 1 0 36 1 0 73 1 0 18 1 0 74 1 0 37 1 0 75 1 0 9 1 0 76 1 0 38 1 0 77 1 0 19 1 0 78 1 0 39 1 0 79 1 0 
86 : 0 48 1 0 24 1 0 49 1 0 12 1 0 50 1 0 25 1 0 51 1 0 2 1 0 52 1 0 26 1 0 53 1 0 13 1 0 54 1 0 27 1 0 55 1 0 1 1 0 28 1 0 14 1 0 29 1 0 5 1 0 30 1 0 15 1 0 31 1 0 4 1 0 64 1 0 32 1 0 65 1 0 16 1 0 66 1 0 33 1 0 67 1 0 6 1 0 68 1 0 34 1 0 69 1 0 17 1 0 70 1 0 35 1 0 71 1 0 3 1 0 36 1 0 18 1 0 37 1 0 8 1 0 38 1 0 19 1 0 39 1 0 7 1 0 80 1 0 40 1 0 81 1 0 20 1 0 82 1 0 41 1 0 83 1 0 10 1 0 84 1 0 42 1 0 85 1 0 21 1 0 86 1 0 43 1 0 87 1 0 9 1 0 89 1 0 88 1 0 90 1 0 
87 : 0 76 1 0 46 1 0 77 1 0 20 1 0 79 1 0 78 1 0 80 1 0 47 1 0 82 1 0 81 1 0 83 1 0 10 1 0 84 1 0 48 1 0 85 1 0 21 1 0 86 1 0 49 1 0 87 1 0 2 1 0 88 1 0 50 1 0 89 1 0 22 1 0 90 1 0 51 1 0 91 1 0 11 1 0 92 1 0 52 1 0 93 1 0 23 1 0 94 1 0 53 1 0 95 1 0 1 1 0 12 1 0 6 1 0 13 1 0 5 1 0 14 1 0 7 1 0 15 1 0 4 1 0 54 1 0 32 1 0 55 1 0 16 1 0 56 1 0 33 1 0 57 1 0 8 1 0 58 1 0 34 1 0 59 1 0 17 1 0 60 1 0 35 1 0 61 1 0 3 1 0 62 1 0 36 1 0 63 1 0 18 1 0 64 1 0 37 1 0 65 1 0 9 1 0 66 1 0 41 1 0 67 1 0 40 1 0 68 1 0 42 1 0 69 1 0 38 1 0 70 1 0 44 1 0 71 1 0 43 1 0 72 1 0 45 1 0 73 1 0 19 1 0 74 1 0 39 1 0 75 1 0 
88 : 0 47 1 0 46 1 0 48 1 0 20 1 0 51 1 0 50 1 0 52 1 0 49 1 0 54 1 0 53 1 0 55 1 0 10 1 0 57 1 0 56 1 0 58 1 0 21 1 0 60 1 0 59 1 0 61 1 0 2 1 0 63 1 0 62 1 0 64 1 0 22 1 0 66 1 0 65 1 0 67 1 0 11 1 0 69 1 0 68 1 0 70 1 0 23 1 0 72 1 0 71 1 0 73 1 0 1 1 0 76 1 0 75 1 0 77 1 0 74 1 0 79 1 0 78 1 0 80 1 0 4 1 0 32 1 0 16 1 0 33 1 0 8 1 0 34 1 0 17 1 0 35 1 0 3 1 0 81 1 0 36 1 0 82 1 0 18 1 0 83 1 0 37 1 0 84 1 0 9 1 0 41 1 0 40 1 0 42 1 0 38 1 0 44 1 0 43 1 0 45 1 0 19 1 0 85 1 0 39 1 0 86 1 0 
89 : 0 47 1 0 46 1 0 48 1 0 20 1 0 74 1 0 51 1 0 75 1 0 50 1 0 76 1 0 52 1 0 77 1 0 49 1 0 78 1 0 54 1 0 79 1 0 53 1 0 80 1 0 55 1 0 81 1 0 10 1 0 57 1 0 56 1 0 58 1 0 21 1 0 60 1 0 59 1 0 61 1 0 2 1 0 82 1 0 63 1 0 83 1 0 62 1 0 84 1 0 64 1 0 85 1 0 22 1 0 86 1 0 66 1 0 87 1 0 65 1 0 88 1 0 67 1 0 89 1 0 11 1 0 69 1 0 68 1 0 70 1 0 23 1 0 72 1 0 71 1 0 73 1 0 1 1 0 90 1 0 6 1 0 91 1 0 5 1 0 92 1 0 7 1 0 93 1 0 4 1 0 32 1 0 16 1 0 33 1 0 8 1 0 34 1 0 17 1 0 35 1 0 3 1 0 94 1 0 36 1 0 95 1 0 18 1 0 96 1 0 37 1 0 97 1 0 9 1 0 41 1 0 40 1 0 42 1 0 38 1 0 44 1 0 43 1 0 45 1 0 19 1 0 98 1 0 39 1 0 99 1 0 
90 : 0 40 1 0 20 1 0 41 1 0 10 1 0 120 1 0 80 1 0 121 1 0 42 1 0 122 1 0 81 1 0 123 1 0 21 1 0 124 1 0 82 1 0 125 1 0 43 1 0 126 1 0 83 1 0 127 1 0 3 1 0 44 1 0 22 1 0 45 1 0 11 1 0 46 1 0 23 1 0 47 1 0 2 1 0 128 1 0 12 1 0 129 1 0 6 1 0 130 1 0 13 1 0 131 1 0 5 1 0 132 1 0 14 1 0 133 1 0 7 1 0 134 1 0 15 1 0 135 1 0 4 1 0 32 1 0 16 1 0 33 1 0 8 1 0 34 1 0 17 1 0 35 1 0 1 1 0 84 1 0 72 1 0 85 1 0 36 1 0 86 1 0 73 1 0 87 1 0 18 1 0 104 1 0 88 1 0 105 1 0 74 1 0 106 1 0 89 1 0 107 1 0 37 1 0 108 1 0 90 1 0 109 1 0 75 1 0 110 1 0 91 1 0 111 1 0 9 1 0 92 1 0 76 1 0 93 1 0 38 1 0 94 1 0 77 1 0 95 1 0 19 1 0 112 1 0 97 1 0 113 1 0 96 1 0 114 1 0 98 1 0 115 1 0 78 1 0 116 1 0 100 1 0 117 1 0 99 1 0 118 1 0 101 1 0 119 1 0 39 1 0 102 1 0 79 1 0 103 1 0 
91 : 0 68 1 0 36 1 0 69 1 0 35 1 0 71 1 0 70 1 0 72 1 0 37 1 0 74 1 0 73 1 0 75 1 0 34 1 0 76 1 0 39 1 0 77 1 0 38 1 0 78 1 0 40 1 0 79 1 0 33 1 0 80 1 0 43 1 0 81 1 0 42 1 0 82 1 0 44 1 0 83 1 0 41 1 0 84 1 0 46 1 0 85 1 0 45 1 0 86 1 0 47 1 0 87 1 0 1 1 0 17 1 0 9 1 0 18 1 0 5 1 0 19 1 0 10 1 0 20 1 0 3 1 0 48 1 0 21 1 0 49 1 0 11 1 0 50 1 0 22 1 0 51 1 0 6 1 0 52 1 0 23 1 0 53 1 0 12 1 0 54 1 0 24 1 0 55 1 0 2 1 0 25 1 0 13 1 0 26 1 0 7 1 0 27 1 0 14 1 0 28 1 0 4 1 0 57 1 0 56 1 0 58 1 0 29 1 0 60 1 0 59 1 0 61 1 0 15 1 0 63 1 0 62 1 0 64 1 0 30 1 0 66 1 0 65 1 0 67 1 0 8 1 0 31 1 0 16 1 0 32 1 0 
92 : 0 114 1 0 40 1 0 115 1 0 20 1 0 86 1 0 85 1 0 87 1 0 84 1 0 89 1 0 88 1 0 90 1 0 41 1 0 93 1 0 92 1 0 94 1 0 91 1 0 96 1 0 95 1 0 97 1 0 10 1 0 98 1 0 42 1 0 99 1 0 21 1 0 100 1 0 43 1 0 101 1 0 2 1 0 103 1 0 102 1 0 104 1 0 44 1 0 106 1 0 105 1 0 107 1 0 22 1 0 109 1 0 108 1 0 110 1 0 45 1 0 112 1 0 111 1 0 113 1 0 11 1 0 116 1 0 46 1 0 117 1 0 23 1 0 118 1 0 47 1 0 119 1 0 1 1 0 120 1 0 6 1 0 121 1 0 5 1 0 122 1 0 7 1 0 123 1 0 4 1 0 32 1 0 16 1 0 33 1 0 8 1 0 34 1 0 17 1 0 35 1 0 3 1 0 72 1 0 36 1 0 73 1 0 18 1 0 74 1 0 37 1 0 75 1 0 9 1 0 80 1 0 76 1 0 81 1 0 38 1 0 82 1 0 77 1 0 83 1 0 19 1 0 78 1 0 39 1 0 79 1 0 
93 : 0 17 1 0 9 1 0 18 1 0 5 1 0 34 1 0 33 1 0 35 1 0 19 1 0 37 1 0 36 1 0 38 1 0 10 1 0 40 1 0 39 1 0 41 1 0 20 1 0 43 1 0 42 1 0 44 1 0 3 1 0 21 1 0 11 1 0 22 1 0 6 1 0 23 1 0 12 1 0 24 1 0 2 1 0 45 1 0 25 1 0 46 1 0 13 1 0 47 1 0 26 1 0 48 1 0 7 1 0 49 1 0 27 1 0 50 1 0 14 1 0 51 1 0 28 1 0 52 1 0 4 1 0 29 1 0 15 1 0 30 1 0 8 1 0 31 1 0 16 1 0 32 1 0 1 1 0 68 1 0 56 1 0 69 1 0 55 1 0 70 1 0 57 1 0 71 1 0 54 1 0 88 1 0 72 1 0 89 1 0 59 1 0 90 1 0 73 1 0 91 1 0 58 1 0 92 1 0 74 1 0 93 1 0 60 1 0 94 1 0 75 1 0 95 1 0 53 1 0 76 1 0 63 1 0 77 1 0 62 1 0 78 1 0 64 1 0 79 1 0 61 1 0 96 1 0 81 1 0 97 1 0 80 1 0 98 1 0 82 1 0 99 1 0 66 1 0 100 1 0 84 1 0 101 1 0 83 1 0 102 1 0 85 1 0 103 1 0 65 1 0 86 1 0 67 1 0 87 1 0 
94 : 0 81 1 0 46 1 0 82 1 0 20 1 0 85 1 0 84 1 0 86 1 0 83 1 0 88 1 0 87 1 0 89 1 0 47 1 0 92 1 0 91 1 0 93 1 0 90 1 0 95 1 0 94 1 0 96 1 0 10 1 0 97 1 0 48 1 0 98 1 0 21 1 0 99 1 0 49 1 0 100 1 0 2 1 0 102 1 0 101 1 0 103 1 0 50 1 0 105 1 0 104 1 0 106 1 0 22 1 0 108 1 0 107 1 0 109 1 0 51 1 0 111 1 0 110 1 0 112 1 0 11 1 0 113 1 0 52 1 0 114 1 0 23 1 0 115 1 0 53 1 0 116 1 0 1 1 0 56 1 0 55 1 0 57 1 0 54 1 0 59 1 0 58 1 0 60 1 0 4 1 0 61 1 0 32 1 0 62 1 0 16 1 0 63 1 0 33 1 0 64 1 0 8 1 0 65 1 0 34 1 0 66 1 0 17 1 0 67 1 0 35 1 0 68 1 0 3 1 0 69 1 0 36 1 0 70 1 0 18 1 0 71 1 0 37 1 0 72 1 0 9 1 0 73 1 0 41 1 0 74 1 0 40 1 0 75 1 0 42 1 0 76 1 0 38 1 0 77 1 0 44 1 0 78 1 0 43 1 0 79 1 0 45 1 0 80 1 0 19 1 0 117 1 0 39 1 0 118 1 0 
95 : 0 17 1 0 9 1 0 18 1 0 5 1 0 33 1 0 19 1 0 34 1 0 10 1 0 35 1 0 20 1 0 36 1 0 3 1 0 21 1 0 11 1 0 22 1 0 6 1 0 23 1 0 12 1 0 24 1 0 2 1 0 25 1 0 13 1 0 26 1 0 7 1 0 27 1 0 14 1 0 28 1 0 4 1 0 29 1 0 15 1 0 30 1 0 8 1 0 31 1 0 16 1 0 32 1 0 1 1 0 50 1 0 49 1 0 51 1 0 39 1 0 53 1 0 52 1 0 54 1 0 38 1 0 56 1 0 55 1 0 57 1 0 44 1 0 59 1 0 58 1 0 60 1 0 40 1 0 62 1 0 61 1 0 63 1 0 45 1 0 65 1 0 64 1 0 66 1 0 37 1 0 68 1 0 67 1 0 69 1 0 42 1 0 71 1 0 70 1 0 72 1 0 41 1 0 74 1 0 73 1 0 75 1 0 47 1 0 77 1 0 76 1 0 78 1 0 46 1 0 80 1 0 79 1 0 81 1 0 48 1 0 83 1 0 82 1 0 84 1 0 43 1 0 86 1 0 85 1 0 87 1 0 
96 : 0 47 1 0 46 1 0 48 1 0 20 1 0 87 1 0 51 1 0 88 1 0 50 1 0 89 1 0 52 1 0 90 1 0 49 1 0 91 1 0 54 1 0 92 1 0 53 1 0 93 1 0 55 1 0 94 1 0 10 1 0 57 1 0 56 1 0 58 1 0 21 1 0 60 1 0 59 1 0 61 1 0 2 1 0 95 1 0 63 1 0 96 1 0 62 1 0 97 1 0 64 1 0 98 1 0 22 1 0 99 1 0 66 1 0 100 1 0 65 1 0 101 1 0 67 1 0 102 1 0 11 1 0 69 1 0 68 1 0 70 1 0 23 1 0 72 1 0 71 1 0 73 1 0 1 1 0 76 1 0 75 1 0 77 1 0 74 1 0 79 1 0 78 1 0 80 1 0 4 1 0 103 1 0 32 1 0 104 1 0 16 1 0 105 1 0 33 1 0 106 1 0 8 1 0 107 1 0 34 1 0 108 1 0 17 1 0 109 1 0 35 1 0 110 1 0 3 1 0 81 1 0 36 1 0 82 1 0 18 1 0 83 1 0 37 1 0 84 1 0 9 1 0 111 1 0 41 1 0 112 1 0 40 1 0 113 1 0 42 1 0 114 1 0 38 1 0 115 1 0 44 1 0 116 1 0 43 1 0 117 1 0 45 1 0 118 1 0 19 1 0 85 1 0 39 1 0 86 1 0 
97 : 0 17 1 0 9 1 0 18 1 0 5 1 0 36 1 0 19 1 0 37 1 0 10 1 0 38 1 0 20 1 0 39 1 0 3 1 0 21 1 0 11 1 0 22 1 0 6 1 0 23 1 0 12 1 0 24 1 0 2 1 0 25 1 0 13 1 0 26 1 0 7 1 0 27 1 0 14 1 0 28 1 0 4 1 0 29 1 0 15 1 0 30 1 0 8 1 0 31 1 0 16 1 0 32 1 0 1 1 0 41 1 0 40 1 0 42 1 0 34 1 0 53 1 0 52 1 0 54 1 0 44 1 0 56 1 0 55 1 0 57 1 0 43 1 0 59 1 0 58 1 0 60 1 0 45 1 0 62 1 0 61 1 0 63 1 0 33 1 0 64 1 0 47 1 0 65 1 0 46 1 0 66 1 0 48 1 0 67 1 0 35 1 0 70 1 0 69 1 0 71 1 0 68 1 0 73 1 0 72 1 0 74 1 0 50 1 0 77 1 0 76 1 0 78 1 0 75 1 0 80 1 0 79 1 0 81 1 0 49 1 0 82 1 0 51 1 0 83 1 0 
98 : 0 60 1 0 59 1 0 61 1 0 20 1 0 64 1 0 63 1 0 65 1 0 62 1 0 67 1 0 66 1 0 68 1 0 10 1 0 70 1 0 69 1 0 71 1 0 21 1 0 73 1 0 72 1 0 74 1 0 2 1 0 76 1 0 75 1 0 77 1 0 22 1 0 79 1 0 78 1 0 80 1 0 11 1 0 82 1 0 81 1 0 83 1 0 23 1 0 85 1 0 84 1 0 86 1 0 1 1 0 48 1 0 47 1 0 49 1 0 46 1 0 51 1 0 50 1 0 52 1 0 4 1 0 32 1 0 16 1 0 33 1 0 8 1 0 34 1 0 17 1 0 35 1 0 3 1 0 53 1 0 36 1 0 54 1 0 18 1 0 55 1 0 37 1 0 56 1 0 9 1 0 41 1 0 40 1 0 42 1 0 38 1 0 44 1 0 43 1 0 45 1 0 19 1 0 57 1 0 39 1 0 58 1 0 
99 : 0 47 1 0 46 1 0 48 1 0 20 1 0 100 1 0 51 1 0 101 1 0 50 1 0 102 1 0 52 1 0 103 1 0 49 1 0 104 1 0 54 1 0 105 1 0 53 1 0 106 1 0 55 1 0 107 1 0 10 1 0 57 1 0 56 1 0 58 1 0 21 1 0 60 1 0 59 1 0 61 1 0 2 1 0 108 1 0 63 1 0 109 1 0 62 1 0 110 1 0 64 1 0 111 1 0 22 1 0 112 1 0 66 1 0 113 1 0 65 1 0 114 1 0 67 1 0 115 1 0 11 1 0 69 1 0 68 1 0 70 1 0 23 1 0 72 1 0 71 1 0 73 1 0 1 1 0 74 1 0 6 1 0 75 1 0 5 1 0 76 1 0 7 1 0 77 1 0 4 1 0 78 1 0 32 1 0 79 1 0 16 1 0 80 1 0 33 1 0 81 1 0 8 1 0 82 1 0 34 1 0 83 1 0 17 1 0 84 1 0 35 1 0 85 1 0 3 1 0 86 1 0 36 1 0 87 1 0 18 1 0 88 1 0 37 1 0 89 1 0 9 1 0 90 1 0 41 1 0 91 1 0 40 1 0 92 1 0 42 1 0 93 1 0 38 1 0 94 1 0 44 1 0 95 1 0 43 1 0 96 1 0 45 1 0 97 1 0 19 1 0 98 1 0 39 1 0 99 1 0 
100 : 0 68 1 0 36 1 0 69 1 0 35 1 0 88 1 0 71 1 0 89 1 0 70 1 0 90 1 0 72 1 0 91 1 0 37 1 0 92 1 0 74 1 0 93 1 0 73 1 0 94 1 0 75 1 0 95 1 0 34 1 0 76 1 0 39 1 0 77 1 0 38 1 0 78 1 0 40 1 0 79 1 0 33 1 0 96 1 0 80 1 0 97 1 0 43 1 0 98 1 0 81 1 0 99 1 0 42 1 0 100 1 0 82 1 0 101 1 0 44 1 0 102 1 0 83 1 0 103 1 0 41 1 0 84 1 0 46 1 0 85 1 0 45 1 0 86 1 0 47 1 0 87 1 0 1 1 0 17 1 0 9 1 0 18 1 0 5 1 0 19 1 0 10 1 0 20 1 0 3 1 0 48 1 0 21 1 0 49 1 0 11 1 0 50 1 0 22 1 0 51 1 0 6 1 0 52 1 0 23 1 0 53 1 0 12 1 0 54 1 0 24 1 0 55 1 0 2 1 0 25 1 0 13 1 0 26 1 0 7 1 0 27 1 0 14 1 0 28 1 0 4 1 0 57 1 0 56 1 0 58 1 0 29 1 0 60 1 0 59 1 0 61 1 0 15 1 0 63 1 0 62 1 0 64 1 0 30 1 0 66 1 0 65 1 0 67 1 0 8 1 0 31 1 0 16 1 0 32 1 0 

RANKING
1 : 3 7 5 9 9 15 11 22 13 28 15 39 17 58
2 : 4 8 6 10 10 16 12 23 14 29 16 40 18 59
9 : 11 13 1 15 3 24 5 30 17 49 13 76
27 : 26 35 29 37 28 47 31 51 30 63 25 79
3 : 1 7 5 11 11 17 9 24 13 41
4 : 2 8 6 12 12 18 10 25 14 42
5 : 1 9 3 11 13 19 9 30 11 43
6 : 2 10 4 12 14 20 10 31 12 44
10 : 12 14 2 16 4 25 6 31 14 77
11 : 9 13 3 17 1 22 17 36 5 43
24 : 25 27 22 33 18 50 23 61 26 78
12 : 10 14 4 18 2 23 6 44
13 : 5 19 1 28 3 41 9 76
14 : 6 20 2 29 4 42 10 77
18 : 20 26 23 45 24 50 2 59
25 : 24 27 23 34 22 60 27 79
26 : 27 35 29 46 31 62 24 78
35 : 34 38 37 48 33 52 36 66
37 : 35 48 36 53 34 65 39 83
17 : 11 36 9 49 1 58
23 : 25 34 18 45 24 61
28 : 27 47 32 64 30 80
29 : 27 37 26 46 31 81
31 : 27 51 26 62 29 81
36 : 37 53 35 66 38 82
38 : 39 54 40 67 36 82
39 : 38 54 41 68 37 83
42 : 43 55 44 69 40 84
44 : 45 56 42 69 46 86
46 : 47 57 48 70 44 86
47 : 46 57 49 71 45 87
20 : 18 26 19 32
22 : 24 33 25 60
30 : 27 63 28 80
34 : 35 38 37 65
40 : 38 67 42 84
41 : 39 68 43 85
43 : 42 55 41 85
45 : 44 56 47 87
48 : 46 70 49 88
49 : 47 71 48 88
50 : 51 72 52 89
51 : 50 72 53 90
52 : 53 73 50 89
53 : 52 73 51 90
54 : 55 74 56 91
55 : 54 74 57 92
56 : 57 75 54 91
57 : 56 75 55 92
7 : 8 21
8 : 7 21
15 : 1 39
16 : 2 40
19 : 20 32
32 : 28 64
33 : 35 52
60 : 61 93
61 : 60 93
62 : 63 94
63 : 62 94
64 : 65 95
65 : 64 95
66 : 67 96
67 : 66 96
68 : 69 97
69 : 68 97
70 : 71 98
71 : 70 98
72 : 73 99
73 : 72 99
74 : 75 100
75 : 74 100
21 :
58 :
59 :
76 :
77 :
78 :
79 :
80 :
81 :
82 :
83 :
84 :
85 :
86 :
87 :
88 :
89 :
90 :
91 :
92 :
93 :
94 :
95 :
96 :
97 :
98 :
99 :
100 :
