
RONDA DE EMPAREJAMIENTOS
Nuevos organismos : 0

RONDA DE EMPAREJAMIENTOS
Nuevos organismos : 2

ORGANISMOS
1 : 0 4 -1 0 3 1 0 5 -1 0 2 1 0 6 1 0 1 1 0 
2 : 0 1 1 0 3 1 0 2 1 0 5 -1 0 4 1 0 6 -1 0 
3 : 0 3 1 0 2 1 0 6 -1 0 5 -1 0 7 -1 0 4 -1 0 8 -1 0 1 1 0 9 1 0 
4 : 0 2 1 0 1 1 0 6 -1 0 5 -1 0 7 -1 0 4 -1 0 8 -1 0 3 1 0 9 1 0 
5 : 0 5 -1 0 4 -1 0 6 1 0 3 -1 0 7 -1 0 2 1 0 9 1 0 8 -1 0 10 -1 0 1 1 0 11 1 0 
6 : 0 2 1 0 1 1 0 5 -1 0 4 -1 0 6 1 0 3 1 0 8 -1 0 7 -1 0 10 1 0 9 -1 0 11 -1 0 
7 : 0 3 1 0 2 1 0 6 1 0 1 1 0 7 1 0 
8 : 0 7 1 0 1 1 0 3 1 0 2 1 0 4 1 0 

RANKING
1 : 3 7
2 : 4 8
3 : 1 7
4 : 2 8
5 :
6 :
7 :
8 :

RONDA DE EMPAREJAMIENTOS
Nuevos organismos : 2

ORGANISMOS
9 : 0 4 -1 0 6 1 0 3 1 0 2 1 0 9 1 0 8 1 0 1 1 0 11 1 0 
10 : 0 2 1 0 1 1 0 4 1 0 6 1 0 3 1 0 7 1 0 10 1 0 9 -1 0 

RONDA DE EMPAREJAMIENTOS
Nuevos organismos : 4

RANKING
1 : 3 7 5 11
2 : 4 8 6 12
3 : 1 7 7 13
4 : 2 8 8 14
5 : 7 9 1 11
6 : 8 10 2 12
7 : 5 9 3 13
8 : 6 10 4 14
9 :
10 :
11 :
12 :
13 :
14 :

ORGANISMOS
11 : 0 4 -1 0 7 1 0 3 1 0 5 -1 0 2 1 0 8 1 0 6 1 0 1 1 0 9 1 0 
12 : 0 7 1 0 1 1 0 3 1 0 8 1 0 2 1 0 5 -1 0 4 1 0 9 1 0 6 -1 0 
13 : 0 3 1 0 2 1 0 4 1 0 1 1 0 9 1 0 
14 : 0 2 1 0 1 1 0 4 1 0 3 1 0 9 1 0 

RONDA DE EMPAREJAMIENTOS
Nuevos organismos : 5

ORGANISMOS
15 : 0 3 1 0 2 1 0 1 1 0 10 1 0 9 1 0 11 1 0 
16 : 0 10 1 0 2 1 0 11 1 0 1 1 0 3 1 0 9 1 0 
17 : 0 4 -1 0 6 1 0 3 1 0 2 1 0 9 1 0 8 1 0 1 1 0 11 1 0 
18 : 0 2 1 0 1 1 0 4 1 0 6 1 0 3 1 0 7 1 0 10 1 0 9 -1 0 
19 : 0 3 1 0 2 1 0 4 1 0 1 1 0 10 1 0 9 1 0 11 1 0 

RONDA DE EMPAREJAMIENTOS
Nuevos organismos : 5

RANKING
1 : 3 7 5 11 9 20
2 : 4 8 6 12 10 21
3 : 1 7 7 13 8 15
4 : 2 8 8 14 7 16
5 : 7 9 1 11 11 22
6 : 8 10 2 12 12 23
7 : 5 9 3 13 4 16
8 : 6 10 4 14 3 15
9 : 11 17 1 20
10 : 12 18 2 21
11 : 9 17 5 22
12 : 10 18 6 23
13 : 14 19
14 : 13 19
15 : 16 24
16 : 15 24
17 :
18 :
19 :
20 :
21 :
22 :
23 :
24 :

ORGANISMOS
20 : 0 4 -1 0 7 1 0 3 1 0 2 1 0 8 1 0 6 1 0 1 1 0 9 1 0 
21 : 0 7 1 0 1 1 0 3 1 0 8 1 0 2 1 0 4 1 0 9 1 0 6 -1 0 
22 : 0 4 -1 0 6 1 0 3 1 0 7 -1 0 2 1 0 9 1 0 8 1 0 1 1 0 11 1 0 
23 : 0 2 1 0 1 1 0 4 1 0 6 1 0 3 1 0 8 -1 0 7 1 0 10 1 0 9 -1 0 
24 : 0 3 1 0 2 1 0 12 1 0 1 1 0 10 1 0 9 1 0 11 1 0 

RONDA DE EMPAREJAMIENTOS
Nuevos organismos : 2

RANKING
1 : 3 7 5 11 9 20
2 : 4 8 6 12 10 21
3 : 1 7 7 13 8 15
4 : 2 8 8 14 7 16
5 : 7 9 1 11 11 22
6 : 8 10 2 12 12 23
7 : 5 9 3 13 4 16
8 : 6 10 4 14 3 15
9 : 11 17 1 20
10 : 12 18 2 21
11 : 9 17 5 22
12 : 10 18 6 23
13 : 14 19
14 : 13 19
15 : 16 24
16 : 15 24
17 : 19 25
19 : 17 25
23 : 24 26
24 : 23 26
18 :
20 :
21 :
22 :
25 :
26 :

ORGANISMOS
25 : 0 4 -1 0 6 1 0 3 1 0 2 1 0 9 1 0 8 1 0 1 1 0 12 1 0 11 1 0 13 1 0 
26 : 0 11 1 0 2 1 0 12 1 0 1 1 0 4 1 0 6 1 0 3 1 0 7 1 0 10 1 0 9 -1 0 

RONDA DE EMPAREJAMIENTOS
Nuevos organismos : 8

ORGANISMOS
1 : 0 4 -1 0 3 1 0 5 -1 0 2 1 0 6 1 0 1 1 0 
2 : 0 1 1 0 3 1 0 2 1 0 5 -1 0 4 1 0 6 -1 0 
3 : 0 
4 : 0 
5 : 0 5 -1 0 4 -1 0 6 1 0 3 -1 0 7 -1 0 2 1 0 9 1 0 8 -1 0 10 -1 0 1 1 0 11 1 0 
6 : 0 2 1 0 1 1 0 5 -1 0 4 -1 0 6 1 0 3 1 0 8 -1 0 7 -1 0 10 1 0 9 -1 0 11 -1 0 
7 : 0 
8 : 0 
9 : 0 4 -1 0 6 1 0 3 1 0 2 1 0 9 1 0 8 1 0 1 1 0 11 1 0 
10 : 0 2 1 0 1 1 0 4 1 0 6 1 0 3 1 0 7 1 0 10 1 0 9 -1 0 
11 : 0 4 -1 0 7 1 0 3 1 0 5 -1 0 2 1 0 8 1 0 6 1 0 1 1 0 9 1 0 
12 : 0 7 1 0 1 1 0 3 1 0 8 1 0 2 1 0 5 -1 0 4 1 0 9 1 0 6 -1 0 
13 : 0 
14 : 0 
15 : 0 
16 : 0 
17 : 0 4 -1 0 6 1 0 3 1 0 2 1 0 9 1 0 8 1 0 1 1 0 11 1 0 
18 : 0 2 1 0 1 1 0 4 1 0 6 1 0 3 1 0 7 1 0 10 1 0 9 -1 0 
19 : 0 3 1 0 2 1 0 4 1 0 1 1 0 10 1 0 9 1 0 11 1 0 
20 : 0 4 -1 0 7 1 0 3 1 0 2 1 0 8 1 0 6 1 0 1 1 0 9 1 0 
21 : 0 7 1 0 1 1 0 3 1 0 8 1 0 2 1 0 4 1 0 9 1 0 6 -1 0 
22 : 0 4 -1 0 6 1 0 3 1 0 7 -1 0 2 1 0 9 1 0 8 1 0 1 1 0 11 1 0 
23 : 0 
24 : 0 
25 : 0 4 -1 0 6 1 0 3 1 0 2 1 0 9 1 0 8 1 0 1 1 0 12 1 0 11 1 0 13 1 0 
26 : 0 11 1 0 2 1 0 12 1 0 1 1 0 4 1 0 6 1 0 3 1 0 7 1 0 10 1 0 9 -1 0 
27 : 0 4 -1 0 7 1 0 3 1 0 5 -1 0 2 1 0 8 1 0 6 1 0 1 1 0 9 1 0 
28 : 0 7 1 0 1 1 0 3 1 0 8 1 0 2 1 0 5 -1 0 4 1 0 9 1 0 6 -1 0 
29 : 0 4 -1 0 6 1 0 3 1 0 2 1 0 9 1 0 8 1 0 1 1 0 11 1 0 
30 : 0 2 1 0 1 1 0 4 1 0 6 1 0 3 1 0 7 1 0 10 1 0 9 -1 0 
31 : 0 4 -1 0 6 1 0 3 1 0 2 1 0 9 1 0 8 1 0 1 1 0 11 1 0 
32 : 0 11 1 0 2 1 0 12 1 0 1 1 0 4 1 0 6 1 0 3 1 0 7 1 0 10 1 0 9 -1 0 
33 : 0 11 -1 0 12 1 0 10 1 0 7 1 0 14 1 0 13 1 0 1 1 0 3 1 0 8 1 0 2 1 0 4 1 0 9 1 0 6 -1 0 
34 : 0 4 -1 0 6 1 0 3 1 0 2 1 0 9 1 0 8 1 0 1 1 0 12 1 0 13 1 0 11 1 0 14 1 0 16 1 0 15 -1 0 

RONDA DE EMPAREJAMIENTOS
Nuevos organismos : 4

FIN

Organismos en total : 38
Organismos vivos : 28

ORGANISMOS
35 : 0 12 -1 0 13 1 0 3 1 0 2 1 0 14 1 0 4 1 0 1 1 0 10 1 0 9 1 0 11 1 0 
36 : 0 4 -1 0 6 1 0 3 1 0 2 1 0 9 1 0 8 1 0 1 1 0 12 1 0 14 1 0 11 1 0 13 1 0 16 1 0 15 -1 0 
37 : 0 4 -1 0 6 1 0 3 1 0 2 1 0 9 1 0 8 1 0 1 1 0 12 1 0 13 1 0 11 1 0 14 1 0 16 1 0 15 -1 0 
38 : 0 11 -1 0 12 1 0 10 1 0 7 1 0 14 1 0 13 1 0 1 1 0 3 1 0 8 1 0 2 1 0 4 1 0 9 1 0 6 -1 0 

RANKING
1 : 3 7 5 11 9 20 11 27
2 : 4 8 6 12 10 21 12 28
5 : 7 9 1 11 11 22 9 29
6 : 8 10 2 12 12 23 10 30
3 : 1 7 7 13 8 15
4 : 2 8 8 14 7 16
7 : 5 9 3 13 4 16
8 : 6 10 4 14 3 15
9 : 11 17 1 20 5 29
10 : 12 18 2 21 6 30
11 : 9 17 5 22 1 27
12 : 10 18 6 23 2 28
19 : 17 25 18 32 20 35
17 : 19 25 20 31
20 : 17 31 19 35
25 : 21 33 26 36
26 : 22 34 25 36
13 : 14 19
14 : 13 19
15 : 16 24
16 : 15 24
18 : 19 32
21 : 25 33
22 : 26 34
23 : 24 26
24 : 23 26
31 : 32 37
32 : 31 37
33 : 34 38
34 : 33 38
27 :
28 :
29 :
30 :
35 :
36 :
37 :
38 :
