
ORGANISMOS
1 : 0 1 1 0 6 -1 0 5 -1 0 4 -1 0 7 -1 0 3 -1 0 8 -1 0 10 1 0 9 -1 0 2 1 0 
2 : 0 3 -1 0 5 1 0 4 -1 0 7 1 0 6 -1 0 8 -1 0 2 -1 0 1 1 0 
3 : 0 2 1 0 1 1 0 4 -1 0 3 1 0 6 -1 0 5 -1 0 9 1 0 8 -1 0 7 -1 0 11 -1 0 10 -1 0 
4 : 0 3 1 0 2 1 0 6 -1 0 5 -1 0 7 -1 0 4 -1 0 8 -1 0 1 1 0 9 1 0 
5 : 0 1 1 0 3 1 0 2 1 0 4 1 0 
6 : 0 3 1 0 2 1 0 4 1 0 1 1 0 

RONDA DE EMPAREJAMIENTOS
Nuevos organismos : 0

RONDA DE EMPAREJAMIENTOS
Nuevos organismos : 0

RONDA DE EMPAREJAMIENTOS
Nuevos organismos : 0

RONDA DE EMPAREJAMIENTOS
Nuevos organismos : 2

ORGANISMOS
7 : 0 1 1 0 3 1 0 8 -1 0 12 1 0 10 1 0 13 1 0 9 -1 0 2 1 0 14 1 0 11 1 0 15 1 0 
8 : 0 3 1 0 10 1 0 5 1 0 11 1 0 4 -1 0 12 1 0 7 1 0 13 1 0 6 -1 0 2 1 0 14 1 0 9 1 0 15 1 0 1 1 0 

RONDA DE EMPAREJAMIENTOS
Nuevos organismos : 2

ORGANISMOS
9 : 0 17 1 0 2 1 0 18 1 0 1 1 0 4 1 0 12 -1 0 19 1 0 15 1 0 20 1 0 14 1 0 21 1 0 16 1 0 22 1 0 13 -1 0 3 1 0 23 1 0 6 1 0 24 1 0 5 1 0 25 1 0 9 1 0 26 1 0 8 -1 0 7 1 0 
10 : 0 3 1 0 18 1 0 12 1 0 19 1 0 11 1 0 20 1 0 13 1 0 21 1 0 10 -1 0 22 1 0 16 1 0 23 1 0 15 1 0 24 1 0 17 1 0 25 1 0 14 -1 0 2 1 0 26 1 0 5 1 0 27 1 0 4 1 0 28 1 0 8 1 0 29 1 0 1 1 0 30 1 0 9 1 0 31 1 0 

RONDA DE EMPAREJAMIENTOS
Nuevos organismos : 4

ORGANISMOS
11 : 0 1 1 0 3 1 0 8 -1 0 16 1 0 11 1 0 17 1 0 10 1 0 18 1 0 12 1 0 19 1 0 9 -1 0 2 1 0 20 1 0 14 1 0 21 1 0 13 1 0 22 1 0 15 1 0 23 1 0 
12 : 0 3 1 0 16 1 0 9 1 0 17 1 0 5 1 0 18 1 0 10 1 0 19 1 0 4 -1 0 20 1 0 11 1 0 21 1 0 7 1 0 22 1 0 12 1 0 23 1 0 6 -1 0 2 1 0 24 1 0 14 1 0 25 1 0 13 1 0 26 1 0 15 1 0 27 1 0 1 1 0 
13 : 0 1 1 0 3 1 0 5 1 0 8 -1 0 7 -1 0 
14 : 0 2 1 0 1 1 0 

RANKING
1 : 5 7 7 11
2 : 6 8 8 12
3 : 7 9 5 13
4 : 8 10 6 14
5 : 1 7 3 13
6 : 2 8 4 14
7 : 3 9 1 11
8 : 4 10 2 12
9 :
10 :
11 :
12 :
13 :
14 :

RONDA DE EMPAREJAMIENTOS
Nuevos organismos : 3

ORGANISMOS
15 : 0 28 1 0 17 1 0 29 1 0 2 1 0 30 1 0 18 1 0 31 1 0 1 1 0 4 1 0 12 -1 0 32 1 0 19 1 0 33 1 0 15 1 0 34 1 0 20 1 0 35 1 0 14 1 0 36 1 0 21 1 0 37 1 0 16 1 0 38 1 0 22 1 0 39 1 0 13 -1 0 3 1 0 40 1 0 23 1 0 41 1 0 6 1 0 42 1 0 24 1 0 43 1 0 5 1 0 44 1 0 25 1 0 45 1 0 9 1 0 46 1 0 26 1 0 47 1 0 8 1 0 7 1 0 48 1 0 27 1 0 49 1 0 
16 : 0 3 1 0 32 1 0 18 1 0 33 1 0 12 1 0 34 1 0 19 1 0 35 1 0 11 1 0 36 1 0 20 1 0 37 1 0 13 1 0 38 1 0 21 1 0 39 1 0 10 -1 0 40 1 0 22 1 0 41 1 0 16 1 0 42 1 0 23 1 0 43 1 0 15 1 0 44 1 0 24 1 0 45 1 0 17 1 0 46 1 0 25 1 0 47 1 0 14 -1 0 2 1 0 48 1 0 26 1 0 49 1 0 5 1 0 50 1 0 27 1 0 51 1 0 4 1 0 52 1 0 28 1 0 53 1 0 8 1 0 54 1 0 29 1 0 55 1 0 1 1 0 56 1 0 30 1 0 57 1 0 9 1 0 58 1 0 31 1 0 59 1 0 
17 : 0 1 1 0 3 1 0 

RONDA DE EMPAREJAMIENTOS
Nuevos organismos : 0

RONDA DE EMPAREJAMIENTOS
Nuevos organismos : 4

ORGANISMOS
18 : 0 1 1 0 4 1 0 12 -1 0 15 1 0 14 1 0 18 1 0 13 -1 0 3 1 0 6 1 0 5 1 0 8 1 0 7 1 0 
19 : 0 3 1 0 12 1 0 11 1 0 15 1 0 10 -1 0 20 1 0 19 1 0 23 1 0 18 -1 0 2 1 0 5 1 0 4 1 0 8 1 0 1 1 0 
20 : 0 1 1 0 3 1 0 5 -1 0 7 1 0 6 -1 0 2 1 0 4 1 0 
21 : 0 3 1 0 6 1 0 5 -1 0 10 1 0 9 -1 0 2 1 0 4 1 0 1 1 0 

RONDA DE EMPAREJAMIENTOS
Nuevos organismos : 0

RONDA DE EMPAREJAMIENTOS
Nuevos organismos : 2

ORGANISMOS
22 : 0 1 1 0 4 1 0 12 -1 0 19 1 0 15 1 0 20 1 0 14 1 0 21 1 0 18 1 0 22 1 0 13 -1 0 3 1 0 23 1 0 6 1 0 24 1 0 5 1 0 25 1 0 8 1 0 26 1 0 7 1 0 
23 : 0 3 1 0 24 1 0 12 1 0 25 1 0 11 1 0 26 1 0 15 1 0 27 1 0 10 -1 0 28 1 0 20 1 0 29 1 0 19 1 0 30 1 0 23 1 0 31 1 0 18 -1 0 2 1 0 32 1 0 5 1 0 33 1 0 4 1 0 34 1 0 8 1 0 35 1 0 1 1 0 

RONDA DE EMPAREJAMIENTOS
Nuevos organismos : 0

RONDA DE EMPAREJAMIENTOS
Nuevos organismos : 2

ORGANISMOS
24 : 0 1 1 0 4 1 0 12 -1 0 27 1 0 19 1 0 28 1 0 15 1 0 29 1 0 20 1 0 30 1 0 14 1 0 31 1 0 21 1 0 32 1 0 18 1 0 33 1 0 22 1 0 34 1 0 13 -1 0 3 1 0 35 1 0 23 1 0 36 1 0 6 1 0 37 1 0 24 1 0 38 1 0 5 1 0 39 1 0 25 1 0 40 1 0 8 1 0 41 1 0 26 1 0 42 1 0 7 1 0 
25 : 0 3 1 0 36 1 0 24 1 0 37 1 0 12 1 0 38 1 0 25 1 0 39 1 0 11 1 0 40 1 0 26 1 0 41 1 0 15 1 0 42 1 0 27 1 0 43 1 0 10 -1 0 44 1 0 28 1 0 45 1 0 20 1 0 46 1 0 29 1 0 47 1 0 19 1 0 48 1 0 30 1 0 49 1 0 23 1 0 50 1 0 31 1 0 51 1 0 18 -1 0 2 1 0 52 1 0 32 1 0 53 1 0 5 1 0 54 1 0 33 1 0 55 1 0 4 1 0 56 1 0 34 1 0 57 1 0 8 1 0 58 1 0 35 1 0 59 1 0 1 1 0 

RANKING
3 : 7 9 5 13 11 18
4 : 8 10 6 14 12 19
5 : 1 7 3 13 7 20
6 : 2 8 4 14 8 21
7 : 3 9 1 11 5 20
8 : 4 10 2 12 6 21
1 : 5 7 7 11
2 : 6 8 8 12
11 : 9 15 3 18
12 : 10 16 4 19
18 : 20 22 22 24
19 : 21 23 23 25
9 : 11 15
10 : 12 16
13 : 14 17
14 : 13 17
20 : 18 22
21 : 19 23
22 : 18 24
23 : 19 25
15 :
16 :
17 :
24 :
25 :

RONDA DE EMPAREJAMIENTOS
Nuevos organismos : 0

RONDA DE EMPAREJAMIENTOS
Nuevos organismos : 3

ORGANISMOS
18 : 0 1 1 0 4 1 0 12 -1 0 15 1 0 14 1 0 18 1 0 13 -1 0 3 1 0 6 1 0 5 1 0 8 1 0 7 1 0 
19 : 0 3 1 0 12 1 0 11 1 0 15 1 0 10 -1 0 20 1 0 19 1 0 23 1 0 18 -1 0 2 1 0 5 1 0 4 1 0 8 1 0 1 1 0 
20 : 0 1 1 0 3 1 0 5 -1 0 7 1 0 6 -1 0 2 1 0 4 1 0 
21 : 0 3 1 0 6 1 0 5 -1 0 10 1 0 9 -1 0 2 1 0 4 1 0 1 1 0 
22 : 0 1 1 0 4 1 0 12 -1 0 19 1 0 15 1 0 20 1 0 14 1 0 21 1 0 18 1 0 22 1 0 13 -1 0 3 1 0 23 1 0 6 1 0 24 1 0 5 1 0 25 1 0 8 1 0 26 1 0 7 1 0 
23 : 0 3 1 0 24 1 0 12 1 0 25 1 0 11 1 0 26 1 0 15 1 0 27 1 0 10 -1 0 28 1 0 20 1 0 29 1 0 19 1 0 30 1 0 23 1 0 31 1 0 18 -1 0 2 1 0 32 1 0 5 1 0 33 1 0 4 1 0 34 1 0 8 1 0 35 1 0 1 1 0 
24 : 0 1 1 0 4 1 0 12 -1 0 27 1 0 19 1 0 28 1 0 15 1 0 29 1 0 20 1 0 30 1 0 14 1 0 31 1 0 21 1 0 32 1 0 18 1 0 33 1 0 22 1 0 34 1 0 13 -1 0 3 1 0 35 1 0 23 1 0 36 1 0 6 1 0 37 1 0 24 1 0 38 1 0 5 1 0 39 1 0 25 1 0 40 1 0 8 1 0 41 1 0 26 1 0 42 1 0 7 1 0 
25 : 0 3 1 0 36 1 0 24 1 0 37 1 0 12 1 0 38 1 0 25 1 0 39 1 0 11 1 0 40 1 0 26 1 0 41 1 0 15 1 0 42 1 0 27 1 0 43 1 0 10 -1 0 44 1 0 28 1 0 45 1 0 20 1 0 46 1 0 29 1 0 47 1 0 19 1 0 48 1 0 30 1 0 49 1 0 23 1 0 50 1 0 31 1 0 51 1 0 18 -1 0 2 1 0 52 1 0 32 1 0 53 1 0 5 1 0 54 1 0 33 1 0 55 1 0 4 1 0 56 1 0 34 1 0 57 1 0 8 1 0 58 1 0 35 1 0 59 1 0 1 1 0 
26 : 0 1 1 0 4 1 0 12 -1 0 19 1 0 15 1 0 22 1 0 14 1 0 25 1 0 18 1 0 28 1 0 13 -1 0 3 1 0 31 1 0 6 1 0 34 1 0 5 1 0 37 1 0 8 1 0 40 1 0 7 1 0 
28 : 0 3 1 0 11 1 0 6 1 0 14 1 0 5 -1 0 17 1 0 10 1 0 20 1 0 9 -1 0 2 1 0 23 1 0 4 1 0 26 1 0 1 1 0 

ORGANISMOS
27 : 0 1 1 0 3 1 0 5 -1 0 8 1 0 7 1 0 11 1 0 6 -1 0 2 1 0 14 1 0 4 1 0 18 1 0 17 1 0 

RANKING
3 : 7 9 5 13 11 18
4 : 8 10 6 14 12 19
5 : 1 7 3 13 7 20
6 : 2 8 4 14 8 21
7 : 3 9 1 11 5 20
8 : 4 10 2 12 6 21
18 : 20 22 22 24 24 26
1 : 5 7 7 11
2 : 6 8 8 12
11 : 9 15 3 18
12 : 10 16 4 19
19 : 21 23 23 25
20 : 18 22 22 27
21 : 19 23 23 28
22 : 18 24 20 27
23 : 19 25 21 28
9 : 11 15
10 : 12 16
13 : 14 17
14 : 13 17
24 : 18 26
15 :
16 :
17 :
25 :
26 :
27 :
28 :

FIN

Organismos en total : 28
Organismos vivos : 1
